1000
8810324116.227 0 0 0 7925 8119 2602
8810324116.227 0 0 1 3872 4538 563
8810324116.227 0 0 2 4187 6233 574
8810324116.227 0 0 3 3690 325 8445
8810324116.227 0 0 4 3695 4669 5033
8810324116.227 0 0 5 4217 3262 6028
8810324116.227 0 0 6 3627 5254 1196
8810324116.227 0 0 7 1161 9951 5149
8810324116.227 0 0 8 3922 3252 3600
8810324116.227 0 0 9 1177 3313 7281
8810324116.227 0 1 0 4362 8247 2333
8810324116.227 0 1 1 7051 1136 3783
8810324116.227 0 1 2 3639 1203 4240
8810324116.227 0 1 3 6962 4455 6805
8810324116.227 0 1 4 9203 6046 8813
8810324116.227 0 1 5 6303 8506 3108
8810324116.227 0 1 6 2281 9769 462
8810324116.227 0 1 7 7576 3259 8964
8810324116.227 0 1 8 4614 8095 7037
8810324116.227 0 1 9 2455 431 6812
8810324116.227 0 2 0 497 5493 8149
8810324116.227 0 2 1 8440 2985 8350
8810324116.227 0 2 2 8808 4958 1715
8810324116.227 0 2 3 7811 7846 3980
8810324116.227 0 2 4 9476 5025 137
8810324116.227 0 2 5 679 9985 1175
8810324116.227 0 2 6 5697 5131 7074
8810324116.227 0 2 7 6474 865 6352
8810324116.227 0 2 8 903 9461 6787
8810324116.227 0 2 9 945 3142 8133
8810324116.227 0 3 0 7909 2675 5274
8810324116.227 0 3 1 5228 9545 2553
8810324116.227 0 3 2 9797 1679 8290
8810324116.227 0 3 3 9520 865 8320
8810324116.227 0 3 4 1732 7862 4780
8810324116.227 0 3 5 1514 9918 1588
8810324116.227 0 3 6 1136 4741 3429
8810324116.227 0 3 7 9216 4113 2715
8810324116.227 0 3 8 3143 8719 7060
8810324116.227 0 3 9 3089 8901 7016
8810324116.227 0 4 0 7936 4100 4912
8810324116.227 0 4 1 3800 5403 3093
8810324116.227 0 4 2 3732 3357 549
8810324116.227 0 4 3 4223 2254 2520
8810324116.227 0 4 4 1062 4526 8854
8810324116.227 0 4 5 4371 7382 2210
8810324116.227 0 4 6 9438 4646 6481
8810324116.227 0 4 7 9905 4695 2661
8810324116.227 0 4 8 9209 4613 1576
8810324116.227 0 4 9 6845 6051 5570
8810324116.227 0 5 0 3242 2172 6709
8810324116.227 0 5 1 9194 2831 2882
8810324116.227 0 5 2 3398 1813 9333
8810324116.227 0 5 3 7510 9213 5063
8810324116.227 0 5 4 9011 6708 3135
8810324116.227 0 5 5 7136 4080 4374
8810324116.227 0 5 6 6588 3190 1478
8810324116.227 0 5 7 3360 1810 6243
8810324116.227 0 5 8 5000 3755 5023
8810324116.227 0 5 9 6397 1408 919
8810324116.227 0 6 0 4335 1701 7809
8810324116.227 0 6 1 1790 2275 2086
8810324116.227 0 6 2 1655 7235 5289
8810324116.227 0 6 3 60 4064 6989
8810324116.227 0 6 4 3193 2671 996
8810324116.227 0 6 5 8236 7971 7726
8810324116.227 0 6 6 4946 1535 3858
8810324116.227 0 6 7 1541 6783 3838
8810324116.227 0 6 8 2228 6900 969
8810324116.227 0 6 9 3950 4622 2418
8810324116.227 0 7 0 8153 8063 7430
8810324116.227 0 7 1 8995 12 6003
8810324116.227 0 7 2 1580 4586 6856
8810324116.227 0 7 3 3486 6705 3902
8810324116.227 0 7 4 5491 6093 9167
8810324116.227 0 7 5 9229 9188 4204
8810324116.227 0 7 6 4813 875 3299
8810324116.227 0 7 7 9768 4186 6218
8810324116.227 0 7 8 8117 7852 5335
8810324116.227 0 7 9 5990 3809 8026
8810324116.227 0 8 0 2202 4411 2129
8810324116.227 0 8 1 2386 5216 6334
8810324116.227 0 8 2 1967 1260 7434
8810324116.227 0 8 3 8470 1034 7636
8810324116.227 0 8 4 58 5962 746
8810324116.227 0 8 5 2152 4472 3727
8810324116.227 0 8 6 8757 5800 4246
8810324116.227 0 8 7 1868 551 8206
8810324116.227 0 8 8 1943 1673 6498
8810324116.227 0 8 9 8666 8179 5020
8810324116.227 0 9 0 4696 2266 6248
8810324116.227 0 9 1 1820 8253 6106
8810324116.227 0 9 2 157 8031 9799
8810324116.227 0 9 3 560 3447 9780
8810324116.227 0 9 4 5159 8856 8700
8810324116.227 0 9 5 4018 6591 6569
8810324116.227 0 9 6 3262 9722 5828
8810324116.227 0 9 7 6763 4568 9422
8810324116.227 0 9 8 8676 9791 8103
8810324116.227 0 9 9 6541 6600 1801
8810324116.227 1 0 0 7458 1031 6829
8810324116.227 1 0 1 6572 6735 6645
8810324116.227 1 0 2 7272 8176 4955
8810324116.227 1 0 3 9068 2346 7196
8810324116.227 1 0 4 3747 722 5973
8810324116.227 1 0 5 3232 4848 6071
8810324116.227 1 0 6 8132 5105 124
8810324116.227 1 0 7 9320 4864 4094
8810324116.227 1 0 8 5481 9509 6699
8810324116.227 1 0 9 6540 426 1424
8810324116.227 1 1 0 5856 2698 7426
8810324116.227 1 1 1 2426 5173 3685
8810324116.227 1 1 2 5088 6673 3993
8810324116.227 1 1 3 9863 9026 2309
8810324116.227 1 1 4 9846 3762 8148
8810324116.227 1 1 5 8320 2838 9728
8810324116.227 1 1 6 5656 6731 8590
8810324116.227 1 1 7 1757 29 1575
8810324116.227 1 1 8 8710 5658 1023
8810324116.227 1 1 9 7938 9955 8506
8810324116.227 1 2 0 775 2490 6659
8810324116.227 1 2 1 6799 7166 1085
8810324116.227 1 2 2 7208 5199 4961
8810324116.227 1 2 3 2564 5891 6781
8810324116.227 1 2 4 8497 1611 2890
8810324116.227 1 2 5 3125 1757 8605
8810324116.227 1 2 6 3607 5390 279
8810324116.227 1 2 7 9414 5181 7306
8810324116.227 1 2 8 2759 253 4675
8810324116.227 1 2 9 5727 149 9246
8810324116.227 1 3 0 8371 7701 3106
8810324116.227 1 3 1 8629 5262 826
8810324116.227 1 3 2 9963 5748 3835
8810324116.227 1 3 3 4906 1444 9060
8810324116.227 1 3 4 6130 4415 8089
8810324116.227 1 3 5 6244 6200 6666
8810324116.227 1 3 6 8495 3169 2612
8810324116.227 1 3 7 8655 2020 4410
8810324116.227 1 3 8 8607 1409 92
8810324116.227 1 3 9 5092 6748 8121
8810324116.227 1 4 0 4415 7787 5517
8810324116.227 1 4 1 348 9676 1599
8810324116.227 1 4 2 6591 2676 8752
8810324116.227 1 4 3 9482 4365 7552
8810324116.227 1 4 4 6606 9036 3559
8810324116.227 1 4 5 6681 9956 2520
8810324116.227 1 4 6 4075 4276 7872
8810324116.227 1 4 7 4371 4823 2769
8810324116.227 1 4 8 6441 1248 6347
8810324116.227 1 4 9 962 2642 3392
8810324116.227 1 5 0 8019 4980 7338
8810324116.227 1 5 1 9465 4529 6772
8810324116.227 1 5 2 8558 341 7345
8810324116.227 1 5 3 1096 8072 5830
8810324116.227 1 5 4 4809 9641 6729
8810324116.227 1 5 5 3846 7456 2264
8810324116.227 1 5 6 6054 1672 3513
8810324116.227 1 5 7 6540 8276 3026
8810324116.227 1 5 8 7602 3001 5412
8810324116.227 1 5 9 7933 2620 367
8810324116.227 1 6 0 6135 7927 6111
8810324116.227 1 6 1 8411 1544 4344
8810324116.227 1 6 2 6235 6134 536
8810324116.227 1 6 3 4353 4098 6166
8810324116.227 1 6 4 1821 5505 2954
8810324116.227 1 6 5 1843 2072 90
8810324116.227 1 6 6 1050 3254 753
8810324116.227 1 6 7 5913 5527 9207
8810324116.227 1 6 8 3259 9586 6499
8810324116.227 1 6 9 7224 690 8928
8810324116.227 1 7 0 4570 3987 6235
8810324116.227 1 7 1 2032 2676 221
8810324116.227 1 7 2 3269 7896 1464
8810324116.227 1 7 3 7710 4283 1344
8810324116.227 1 7 4 4134 9690 6073
8810324116.227 1 7 5 3167 9921 8438
8810324116.227 1 7 6 9654 632 3004
8810324116.227 1 7 7 6638 1222 5625
8810324116.227 1 7 8 9400 5260 2644
8810324116.227 1 7 9 9489 2480 6160
8810324116.227 1 8 0 3202 7656 476
8810324116.227 1 8 1 1187 4069 6408
8810324116.227 1 8 2 7257 2727 7466
8810324116.227 1 8 3 6345 6530 6646
8810324116.227 1 8 4 2977 5394 7487
8810324116.227 1 8 5 5694 8382 3630
8810324116.227 1 8 6 6815 7057 468
8810324116.227 1 8 7 527 4057 7904
8810324116.227 1 8 8 7500 657 1228
8810324116.227 1 8 9 9235 1879 4777
8810324116.227 1 9 0 2658 2164 7243
8810324116.227 1 9 1 9141 9803 7456
8810324116.227 1 9 2 9708 3496 5734
8810324116.227 1 9 3 6459 6916 3042
8810324116.227 1 9 4 8197 683 1596
8810324116.227 1 9 5 9465 2920 9460
8810324116.227 1 9 6 5378 752 7531
8810324116.227 1 9 7 9756 6576 6831
8810324116.227 1 9 8 9694 9159 5281
8810324116.227 1 9 9 5760 10 9580
8810324116.227 2 0 0 3856 1835 2685
8810324116.227 2 0 1 1676 5113 9215
8810324116.227 2 0 2 3897 9111 3005
8810324116.227 2 0 3 6956 2807 882
8810324116.227 2 0 4 8627 1201 7699
8810324116.227 2 0 5 7875 3722 9463
8810324116.227 2 0 6 9017 9430 9733
8810324116.227 2 0 7 7426 7989 1008
8810324116.227 2 0 8 1906 7887 3196
8810324116.227 2 0 9 4409 2027 770
8810324116.227 2 1 0 7237 4289 8237
8810324116.227 2 1 1 1281 9349 8307
8810324116.227 2 1 2 5376 9623 8327
8810324116.227 2 1 3 516 5038 9347
8810324116.227 2 1 4 4121 2175 7395
8810324116.227 2 1 5 8283 2966 8018
8810324116.227 2 1 6 7608 5875 1518
8810324116.227 2 1 7 7268 9773 9455
8810324116.227 2 1 8 1683 2224 3108
8810324116.227 2 1 9 3330 2781 2324
8810324116.227 2 2 0 7129 94 8588
8810324116.227 2 2 1 6002 8885 8208
8810324116.227 2 2 2 6044 5187 2786
8810324116.227 2 2 3 5190 594 7514
8810324116.227 2 2 4 2684 3459 8767
8810324116.227 2 2 5 7688 3216 5787
8810324116.227 2 2 6 1727 7144 7583
8810324116.227 2 2 7 3756 807 4730
8810324116.227 2 2 8 3008 3719 4862
8810324116.227 2 2 9 8843 8371 8061
8810324116.227 2 3 0 9500 3610 6634
8810324116.227 2 3 1 2962 7084 5490
8810324116.227 2 3 2 694 884 2240
8810324116.227 2 3 3 2546 7004 9979
8810324116.227 2 3 4 5235 8141 8160
8810324116.227 2 3 5 9690 5005 3633
8810324116.227 2 3 6 1583 9456 9944
8810324116.227 2 3 7 7302 8683 9793
8810324116.227 2 3 8 1672 4001 5797
8810324116.227 2 3 9 4389 3237 5822
8810324116.227 2 4 0 4634 6004 9922
8810324116.227 2 4 1 3628 4207 1567
8810324116.227 2 4 2 8782 1845 9352
8810324116.227 2 4 3 9240 9119 2189
8810324116.227 2 4 4 53 8279 4380
8810324116.227 2 4 5 1748 8200 2208
8810324116.227 2 4 6 9403 4726 3156
8810324116.227 2 4 7 5026 467 4826
8810324116.227 2 4 8 6206 172 9928
8810324116.227 2 4 9 3584 3097 5663
8810324116.227 2 5 0 8289 8414 4334
8810324116.227 2 5 1 9871 2331 341
8810324116.227 2 5 2 4457 6383 7065
8810324116.227 2 5 3 831 8795 3435
8810324116.227 2 5 4 3915 7734 6616
8810324116.227 2 5 5 372 8018 4879
8810324116.227 2 5 6 2973 4599 4820
8810324116.227 2 5 7 6309 6197 2054
8810324116.227 2 5 8 4614 341 9075
8810324116.227 2 5 9 4208 129 4084
8810324116.227 2 6 0 7185 8988 6558
8810324116.227 2 6 1 9418 1614 7535
8810324116.227 2 6 2 329 7107 1831
8810324116.227 2 6 3 3564 8700 5929
8810324116.227 2 6 4 1632 5163 7011
8810324116.227 2 6 5 5070 9717 6250
8810324116.227 2 6 6 5410 7930 1798
8810324116.227 2 6 7 6421 6475 761
8810324116.227 2 6 8 6649 8269 8228
8810324116.227 2 6 9 2662 1207 3222
8810324116.227 2 7 0 3375 2613 562
8810324116.227 2 7 1 4818 8226 9510
8810324116.227 2 7 2 8246 7732 4197
8810324116.227 2 7 3 287 3552 3505
8810324116.227 2 7 4 4587 9137 3406
8810324116.227 2 7 5 2792 2375 7789
8810324116.227 2 7 6 5043 3309 4634
8810324116.227 2 7 7 8507 7156 5817
8810324116.227 2 7 8 5133 3751 9946
8810324116.227 2 7 9 6356 8271 6047
8810324116.227 2 8 0 4892 2371 450
8810324116.227 2 8 1 8488 9407 8964
8810324116.227 2 8 2 2754 7817 8562
8810324116.227 2 8 3 2484 4355 6191
8810324116.227 2 8 4 4645 3994 1589
8810324116.227 2 8 5 2236 815 8226
8810324116.227 2 8 6 3484 4687 8591
8810324116.227 2 8 7 5281 3273 7835
8810324116.227 2 8 8 236 7714 6228
8810324116.227 2 8 9 5203 6569 316
8810324116.227 2 9 0 3367 9482 7868
8810324116.227 2 9 1 6807 2401 4264
8810324116.227 2 9 2 4220 7078 7637
8810324116.227 2 9 3 1153 5161 6803
8810324116.227 2 9 4 5433 6208 8626
8810324116.227 2 9 5 3222 1290 4342
8810324116.227 2 9 6 9802 470 6043
8810324116.227 2 9 7 6793 8804 7473
8810324116.227 2 9 8 1298 814 7927
8810324116.227 2 9 9 6716 4403 5380
8810324116.227 3 0 0 592 5087 7110
8810324116.227 3 0 1 6066 5600 3452
8810324116.227 3 0 2 2814 8260 2957
8810324116.227 3 0 3 6628 2292 198
8810324116.227 3 0 4 6073 2832 8703
8810324116.227 3 0 5 7080 3387 4508
8810324116.227 3 0 6 3730 1613 7191
8810324116.227 3 0 7 2631 5214 8966
8810324116.227 3 0 8 1203 9690 7153
8810324116.227 3 0 9 4363 6205 5681
8810324116.227 3 1 0 7152 7670 933
8810324116.227 3 1 1 8000 5222 2136
8810324116.227 3 1 2 9512 6843 9671
8810324116.227 3 1 3 6386 1703 7090
8810324116.227 3 1 4 1642 391 2824
8810324116.227 3 1 5 8491 45 7332
8810324116.227 3 1 6 5874 4964 1831
8810324116.227 3 1 7 8893 5239 4123
8810324116.227 3 1 8 4463 5599 9940
8810324116.227 3 1 9 1596 178 9010
8810324116.227 3 2 0 7144 3376 7245
8810324116.227 3 2 1 7518 8414 3154
8810324116.227 3 2 2 4487 2835 5078
8810324116.227 3 2 3 2542 7657 3458
8810324116.227 3 2 4 4823 9029 322
8810324116.227 3 2 5 4340 7946 8293
8810324116.227 3 2 6 6847 114 6857
8810324116.227 3 2 7 6535 3492 2252
8810324116.227 3 2 8 6576 8598 6675
8810324116.227 3 2 9 4952 9259 9313
8810324116.227 3 3 0 1403 479 5539
8810324116.227 3 3 1 5243 2729 6600
8810324116.227 3 3 2 8295 304 1776
8810324116.227 3 3 3 9476 5017 8922
8810324116.227 3 3 4 8131 330 2914
8810324116.227 3 3 5 6118 668 5585
8810324116.227 3 3 6 8194 9021 1180
8810324116.227 3 3 7 4945 1858 1933
8810324116.227 3 3 8 7413 5345 4272
8810324116.227 3 3 9 1028 5323 2922
8810324116.227 3 4 0 6474 4858 2551
8810324116.227 3 4 1 4570 508 3827
8810324116.227 3 4 2 7171 5247 8652
8810324116.227 3 4 3 4009 4903 8344
8810324116.227 3 4 4 1676 4842 5452
8810324116.227 3 4 5 7093 7989 9853
8810324116.227 3 4 6 7878 2037 8754
8810324116.227 3 4 7 3705 7739 9591
8810324116.227 3 4 8 6176 1961 4965
8810324116.227 3 4 9 2880 7892 2345
8810324116.227 3 5 0 3508 6436 7487
8810324116.227 3 5 1 2461 2092 8344
8810324116.227 3 5 2 5957 4490 2458
8810324116.227 3 5 3 1313 915 4507
8810324116.227 3 5 4 625 4965 6243
8810324116.227 3 5 5 7668 1842 9506
8810324116.227 3 5 6 3296 7958 6210
8810324116.227 3 5 7 676 1261 1513
8810324116.227 3 5 8 7296 7661 6776
8810324116.227 3 5 9 3437 8354 3680
8810324116.227 3 6 0 6511 6041 5997
8810324116.227 3 6 1 5691 8022 1186
8810324116.227 3 6 2 7278 10 4104
8810324116.227 3 6 3 7305 1378 1588
8810324116.227 3 6 4 9597 9067 107
8810324116.227 3 6 5 2697 6597 7933
8810324116.227 3 6 6 5411 2628 3280
8810324116.227 3 6 7 9831 1924 5616
8810324116.227 3 6 8 4372 6427 9491
8810324116.227 3 6 9 605 9008 9981
8810324116.227 3 7 0 2974 9286 631
8810324116.227 3 7 1 1651 7870 9239
8810324116.227 3 7 2 2441 2791 2665
8810324116.227 3 7 3 7271 5600 4653
8810324116.227 3 7 4 8341 945 9776
8810324116.227 3 7 5 3786 7854 9442
8810324116.227 3 7 6 6932 4208 860
8810324116.227 3 7 7 4229 5331 7640
8810324116.227 3 7 8 9149 9996 8797
8810324116.227 3 7 9 251 3143 7064
8810324116.227 3 8 0 5303 5373 5168
8810324116.227 3 8 1 3737 4886 3438
8810324116.227 3 8 2 7593 762 4175
8810324116.227 3 8 3 9950 6127 338
8810324116.227 3 8 4 5406 3312 1816
8810324116.227 3 8 5 5259 9425 8658
8810324116.227 3 8 6 3376 8653 104
8810324116.227 3 8 7 602 5736 3410
8810324116.227 3 8 8 8455 6178 8842
8810324116.227 3 8 9 5532 2155 1704
8810324116.227 3 9 0 3503 4196 9422
8810324116.227 3 9 1 2260 5252 3163
8810324116.227 3 9 2 9975 6033 8073
8810324116.227 3 9 3 9038 4054 999
8810324116.227 3 9 4 6355 7826 3952
8810324116.227 3 9 5 6167 201 992
8810324116.227 3 9 6 7153 3194 7608
8810324116.227 3 9 7 1219 1294 7027
8810324116.227 3 9 8 9547 7374 4122
8810324116.227 3 9 9 8225 2938 5361
8810324116.227 4 0 0 438 197 2403
8810324116.227 4 0 1 9482 3484 2562
8810324116.227 4 0 2 4599 1500 773
8810324116.227 4 0 3 8518 6698 3942
8810324116.227 4 0 4 9429 9224 8187
8810324116.227 4 0 5 4574 819 3817
8810324116.227 4 0 6 9730 3669 4407
8810324116.227 4 0 7 1669 6413 6345
8810324116.227 4 0 8 5868 4590 7099
8810324116.227 4 0 9 1526 3853 9523
8810324116.227 4 1 0 271 6247 62
8810324116.227 4 1 1 9995 9529 1466
8810324116.227 4 1 2 1254 1058 160
8810324116.227 4 1 3 8280 8348 3703
8810324116.227 4 1 4 2279 4780 2090
8810324116.227 4 1 5 6751 9714 8482
8810324116.227 4 1 6 6911 4993 6775
8810324116.227 4 1 7 5138 5019 6719
8810324116.227 4 1 8 9113 8379 5246
8810324116.227 4 1 9 4517 7385 1040
8810324116.227 4 2 0 2984 2699 9892
8810324116.227 4 2 1 6567 8526 8998
8810324116.227 4 2 2 7657 381 3837
8810324116.227 4 2 3 6039 6132 6163
8810324116.227 4 2 4 8386 3241 3084
8810324116.227 4 2 5 8709 7220 1571
8810324116.227 4 2 6 5756 2893 3880
8810324116.227 4 2 7 2117 2075 7225
8810324116.227 4 2 8 2569 8188 3292
8810324116.227 4 2 9 6968 7871 9728
8810324116.227 4 3 0 6106 3907 586
8810324116.227 4 3 1 3570 3139 9419
8810324116.227 4 3 2 6636 2601 4669
8810324116.227 4 3 3 1347 8151 3847
8810324116.227 4 3 4 9540 3039 2804
8810324116.227 4 3 5 2841 5737 546
8810324116.227 4 3 6 8704 6895 304
8810324116.227 4 3 7 8914 603 3980
8810324116.227 4 3 8 6803 7706 2818
8810324116.227 4 3 9 3261 2382 1534
8810324116.227 4 4 0 885 8768 7474
8810324116.227 4 4 1 8853 4599 1512
8810324116.227 4 4 2 5444 1419 7748
8810324116.227 4 4 3 3610 3017 5242
8810324116.227 4 4 4 7205 3917 8914
8810324116.227 4 4 5 3497 8921 532
8810324116.227 4 4 6 4046 4493 822
8810324116.227 4 4 7 3916 2086 7087
8810324116.227 4 4 8 3554 2950 3723
8810324116.227 4 4 9 2700 9244 3783
8810324116.227 4 5 0 9453 3696 8555
8810324116.227 4 5 1 8063 25 3060
8810324116.227 4 5 2 6327 6133 7541
8810324116.227 4 5 3 6697 8278 5426
8810324116.227 4 5 4 6794 961 6202
8810324116.227 4 5 5 193 5567 8907
8810324116.227 4 5 6 2716 1980 5114
8810324116.227 4 5 7 6910 9066 484
8810324116.227 4 5 8 6767 6666 787
8810324116.227 4 5 9 9843 2307 6147
8810324116.227 4 6 0 5932 4055 5207
8810324116.227 4 6 1 1618 2779 6561
8810324116.227 4 6 2 6348 5350 8032
8810324116.227 4 6 3 7533 5623 437
8810324116.227 4 6 4 6722 5647 5948
8810324116.227 4 6 5 2682 7367 1635
8810324116.227 4 6 6 2407 415 2196
8810324116.227 4 6 7 1376 5172 5189
8810324116.227 4 6 8 2387 8388 6663
8810324116.227 4 6 9 3342 9199 1691
8810324116.227 4 7 0 7680 2068 4142
8810324116.227 4 7 1 5122 4374 2781
8810324116.227 4 7 2 3774 5183 3085
8810324116.227 4 7 3 3532 8367 2464
8810324116.227 4 7 4 383 2643 3718
8810324116.227 4 7 5 2034 949 7860
8810324116.227 4 7 6 9146 1017 2955
8810324116.227 4 7 7 2313 9673 3463
8810324116.227 4 7 8 4722 1229 6750
8810324116.227 4 7 9 6784 2535 2876
8810324116.227 4 8 0 3987 5803 773
8810324116.227 4 8 1 6233 3844 9222
8810324116.227 4 8 2 3667 2707 4162
8810324116.227 4 8 3 6996 7916 8961
8810324116.227 4 8 4 5699 1739 8950
8810324116.227 4 8 5 4594 4324 3323
8810324116.227 4 8 6 6337 8497 6162
8810324116.227 4 8 7 9717 5390 3146
8810324116.227 4 8 8 7535 2269 5734
8810324116.227 4 8 9 1386 1439 6708
8810324116.227 4 9 0 876 1758 371
8810324116.227 4 9 1 4557 6700 9926
8810324116.227 4 9 2 8708 2079 7485
8810324116.227 4 9 3 4579 8314 6306
8810324116.227 4 9 4 4886 1033 2374
8810324116.227 4 9 5 4631 195 2379
8810324116.227 4 9 6 609 733 9010
8810324116.227 4 9 7 373 6155 4306
8810324116.227 4 9 8 3163 1944 5710
8810324116.227 4 9 9 4702 6717 2509
8810324116.227 5 0 0 945 9187 3793
8810324116.227 5 0 1 8161 6561 123
8810324116.227 5 0 2 9583 3820 1681
8810324116.227 5 0 3 1546 3495 5951
8810324116.227 5 0 4 6017 3779 7315
8810324116.227 5 0 5 5444 6170 1569
8810324116.227 5 0 6 6163 7519 5786
8810324116.227 5 0 7 902 646 7077
8810324116.227 5 0 8 9843 5723 1714
8810324116.227 5 0 9 1121 4810 1940
8810324116.227 5 1 0 5807 7247 5985
8810324116.227 5 1 1 1391 9878 9503
8810324116.227 5 1 2 8819 2751 5377
8810324116.227 5 1 3 8567 1085 6763
8810324116.227 5 1 4 909 7047 6697
8810324116.227 5 1 5 1306 2800 4713
8810324116.227 5 1 6 8060 2145 9258
8810324116.227 5 1 7 6877 9231 4808
8810324116.227 5 1 8 3382 3428 663
8810324116.227 5 1 9 7987 9191 531
8810324116.227 5 2 0 421 9793 2339
8810324116.227 5 2 1 7930 758 6297
8810324116.227 5 2 2 6722 7587 7090
8810324116.227 5 2 3 5605 6540 8368
8810324116.227 5 2 4 2740 800 2876
8810324116.227 5 2 5 6406 6951 5488
8810324116.227 5 2 6 7555 8091 3834
8810324116.227 5 2 7 9329 9432 1375
8810324116.227 5 2 8 4650 9989 3505
8810324116.227 5 2 9 3613 7750 6144
8810324116.227 5 3 0 4733 5180 8130
8810324116.227 5 3 1 73 1841 5133
8810324116.227 5 3 2 2155 3564 4796
8810324116.227 5 3 3 1508 5730 7325
8810324116.227 5 3 4 1640 5476 4676
8810324116.227 5 3 5 2595 781 9
8810324116.227 5 3 6 9743 9692 976
8810324116.227 5 3 7 9098 3153 5966
8810324116.227 5 3 8 9120 1156 2371
8810324116.227 5 3 9 8008 8349 843
8810324116.227 5 4 0 2058 5730 766
8810324116.227 5 4 1 5297 1733 2137
8810324116.227 5 4 2 4986 7230 8136
8810324116.227 5 4 3 5892 6112 8606
8810324116.227 5 4 4 2079 4282 3980
8810324116.227 5 4 5 4623 9787 4953
8810324116.227 5 4 6 7097 9665 5845
8810324116.227 5 4 7 8390 9761 5547
8810324116.227 5 4 8 4914 7483 5426
8810324116.227 5 4 9 19 5113 1794
8810324116.227 5 5 0 5147 2754 6733
8810324116.227 5 5 1 2970 4188 1950
8810324116.227 5 5 2 3169 881 4631
8810324116.227 5 5 3 9198 2403 439
8810324116.227 5 5 4 3874 113 1293
8810324116.227 5 5 5 3621 4600 2966
8810324116.227 5 5 6 5141 429 7943
8810324116.227 5 5 7 3618 4982 9393
8810324116.227 5 5 8 8520 6422 7931
8810324116.227 5 5 9 9798 8776 6586
8810324116.227 5 6 0 2098 8789 3892
8810324116.227 5 6 1 3838 953 9799
8810324116.227 5 6 2 1064 8614 1740
8810324116.227 5 6 3 2798 6508 5200
8810324116.227 5 6 4 6910 551 1323
8810324116.227 5 6 5 7468 3441 9668
8810324116.227 5 6 6 3428 8051 5478
8810324116.227 5 6 7 1927 5373 5793
8810324116.227 5 6 8 5950 3228 1670
8810324116.227 5 6 9 9997 3032 551
8810324116.227 5 7 0 1651 6784 108
8810324116.227 5 7 1 272 4820 6462
8810324116.227 5 7 2 9635 2857 5481
8810324116.227 5 7 3 4495 4995 2714
8810324116.227 5 7 4 457 9661 7010
8810324116.227 5 7 5 5283 8437 8205
8810324116.227 5 7 6 1820 1847 8787
8810324116.227 5 7 7 8 7659 1677
8810324116.227 5 7 8 6584 2736 6032
8810324116.227 5 7 9 7843 7083 6913
8810324116.227 5 8 0 7404 283 5819
8810324116.227 5 8 1 7804 7169 5990
8810324116.227 5 8 2 4341 2985 8295
8810324116.227 5 8 3 1333 5051 8519
8810324116.227 5 8 4 5429 4720 573
8810324116.227 5 8 5 6377 1793 2505
8810324116.227 5 8 6 8976 3112 2027
8810324116.227 5 8 7 674 7798 3518
8810324116.227 5 8 8 2824 4987 810
8810324116.227 5 8 9 3419 2502 6834
8810324116.227 5 9 0 9331 4672 8832
8810324116.227 5 9 1 780 4796 5409
8810324116.227 5 9 2 4754 4894 157
8810324116.227 5 9 3 6585 6345 6675
8810324116.227 5 9 4 1605 2036 6861
8810324116.227 5 9 5 1281 3200 1215
8810324116.227 5 9 6 4200 948 3663
8810324116.227 5 9 7 157 2177 2077
8810324116.227 5 9 8 9953 7145 2768
8810324116.227 5 9 9 9830 6417 7985
8810324116.227 6 0 0 3619 2358 2358
8810324116.227 6 0 1 1844 1009 6368
8810324116.227 6 0 2 2130 3331 213
8810324116.227 6 0 3 6910 513 8506
8810324116.227 6 0 4 9809 7533 366
8810324116.227 6 0 5 2245 1569 4147
8810324116.227 6 0 6 2923 7157 1568
8810324116.227 6 0 7 8301 3548 9308
8810324116.227 6 0 8 5678 6386 4780
8810324116.227 6 0 9 4593 5802 8792
8810324116.227 6 1 0 2525 7344 6374
8810324116.227 6 1 1 5380 2317 640
8810324116.227 6 1 2 1052 4554 1599
8810324116.227 6 1 3 9397 8164 1689
8810324116.227 6 1 4 8972 6258 6935
8810324116.227 6 1 5 1718 8976 5784
8810324116.227 6 1 6 2443 1295 510
8810324116.227 6 1 7 2637 8005 2782
8810324116.227 6 1 8 3387 2583 7343
8810324116.227 6 1 9 9955 6990 4148
8810324116.227 6 2 0 7944 1905 4177
8810324116.227 6 2 1 6129 514 6235
8810324116.227 6 2 2 3113 8626 4483
8810324116.227 6 2 3 2630 4552 9030
8810324116.227 6 2 4 1926 1752 2465
8810324116.227 6 2 5 9404 8684 490
8810324116.227 6 2 6 4986 1247 3589
8810324116.227 6 2 7 8981 2022 8280
8810324116.227 6 2 8 6881 2656 6420
8810324116.227 6 2 9 8897 1402 543
8810324116.227 6 3 0 2627 5637 343
8810324116.227 6 3 1 3403 2652 9064
8810324116.227 6 3 2 4011 8460 9604
8810324116.227 6 3 3 7799 1001 4063
8810324116.227 6 3 4 5089 1672 560
8810324116.227 6 3 5 7789 8234 9846
8810324116.227 6 3 6 2750 4488 7805
8810324116.227 6 3 7 9219 7262 137
8810324116.227 6 3 8 6434 1099 8511
8810324116.227 6 3 9 9293 5446 9822
8810324116.227 6 4 0 6552 4509 3736
8810324116.227 6 4 1 2938 379 6804
8810324116.227 6 4 2 9221 4648 1087
8810324116.227 6 4 3 1769 8598 5543
8810324116.227 6 4 4 6630 7233 2581
8810324116.227 6 4 5 2588 6715 2112
8810324116.227 6 4 6 7665 7448 1329
8810324116.227 6 4 7 9548 456 5371
8810324116.227 6 4 8 9800 8522 1794
8810324116.227 6 4 9 3676 6044 2052
8810324116.227 6 5 0 8951 5127 3826
8810324116.227 6 5 1 8776 7506 4606
8810324116.227 6 5 2 2168 3081 5153
8810324116.227 6 5 3 9593 8387 700
8810324116.227 6 5 4 833 3680 2620
8810324116.227 6 5 5 1708 6777 1232
8810324116.227 6 5 6 3226 1851 7253
8810324116.227 6 5 7 1608 4401 6696
8810324116.227 6 5 8 9463 61 6847
8810324116.227 6 5 9 7105 2859 4152
8810324116.227 6 6 0 7198 2457 8651
8810324116.227 6 6 1 9126 1271 2363
8810324116.227 6 6 2 2260 6380 5751
8810324116.227 6 6 3 4251 9736 3109
8810324116.227 6 6 4 4011 1477 5290
8810324116.227 6 6 5 1734 8082 4780
8810324116.227 6 6 6 3183 2024 3485
8810324116.227 6 6 7 8493 6097 1467
8810324116.227 6 6 8 9092 5694 262
8810324116.227 6 6 9 5930 8239 27
8810324116.227 6 7 0 5746 3250 8398
8810324116.227 6 7 1 2972 3875 5414
8810324116.227 6 7 2 7085 1423 181
8810324116.227 6 7 3 3439 8794 8117
8810324116.227 6 7 4 9681 9839 7272
8810324116.227 6 7 5 7170 6934 4424
8810324116.227 6 7 6 6560 7939 1889
8810324116.227 6 7 7 3486 1582 2215
8810324116.227 6 7 8 8340 1896 1220
8810324116.227 6 7 9 3523 3672 7697
8810324116.227 6 8 0 2063 9302 4645
8810324116.227 6 8 1 8906 7562 7850
8810324116.227 6 8 2 1391 8180 1720
8810324116.227 6 8 3 1853 1987 2589
8810324116.227 6 8 4 4899 2493 9728
8810324116.227 6 8 5 3506 6208 9947
8810324116.227 6 8 6 1001 5759 7419
8810324116.227 6 8 7 1192 3861 7150
8810324116.227 6 8 8 7750 9018 1355
8810324116.227 6 8 9 1560 2138 1504
8810324116.227 6 9 0 5025 904 1327
8810324116.227 6 9 1 1900 6542 1409
8810324116.227 6 9 2 6726 832 8907
8810324116.227 6 9 3 8482 210 3858
8810324116.227 6 9 4 4145 1674 2092
8810324116.227 6 9 5 4670 2681 9527
8810324116.227 6 9 6 3469 2261 2337
8810324116.227 6 9 7 8137 9970 8178
8810324116.227 6 9 8 8628 5917 5194
8810324116.227 6 9 9 7010 9413 8503
8810324116.227 7 0 0 5335 343 3272
8810324116.227 7 0 1 7812 9381 9313
8810324116.227 7 0 2 257 7748 9210
8810324116.227 7 0 3 3900 3459 9306
8810324116.227 7 0 4 9224 9401 2997
8810324116.227 7 0 5 1476 5604 4300
8810324116.227 7 0 6 729 765 5709
8810324116.227 7 0 7 3685 5786 4432
8810324116.227 7 0 8 1739 5948 6218
8810324116.227 7 0 9 3273 4652 8299
8810324116.227 7 1 0 1306 1928 4174
8810324116.227 7 1 1 4767 812 4311
8810324116.227 7 1 2 8270 9943 735
8810324116.227 7 1 3 8739 557 3801
8810324116.227 7 1 4 2683 6394 1829
8810324116.227 7 1 5 6685 1393 4565
8810324116.227 7 1 6 4130 7678 5264
8810324116.227 7 1 7 9403 9167 1590
8810324116.227 7 1 8 9342 6652 5247
8810324116.227 7 1 9 9804 1508 201
8810324116.227 7 2 0 5204 1813 4538
8810324116.227 7 2 1 8796 2898 8919
8810324116.227 7 2 2 3173 473 9329
8810324116.227 7 2 3 4774 5291 5125
8810324116.227 7 2 4 2327 2611 4492
8810324116.227 7 2 5 7673 8715 9250
8810324116.227 7 2 6 5235 2753 2442
8810324116.227 7 2 7 7977 7086 735
8810324116.227 7 2 8 3054 4126 3727
8810324116.227 7 2 9 5259 631 3612
8810324116.227 7 3 0 2794 7941 1195
8810324116.227 7 3 1 2004 247 2493
8810324116.227 7 3 2 3283 1408 8375
8810324116.227 7 3 3 3386 7111 5627
8810324116.227 7 3 4 8717 8393 6144
8810324116.227 7 3 5 3694 4602 2589
8810324116.227 7 3 6 9922 2209 6284
8810324116.227 7 3 7 1448 691 3916
8810324116.227 7 3 8 6274 5463 6579
8810324116.227 7 3 9 4921 3103 6559
8810324116.227 7 4 0 169 3576 8400
8810324116.227 7 4 1 7768 5074 5216
8810324116.227 7 4 2 7534 609 7737
8810324116.227 7 4 3 1661 927 2582
8810324116.227 7 4 4 6957 3438 2135
8810324116.227 7 4 5 3780 7981 5958
8810324116.227 7 4 6 6326 8730 7254
8810324116.227 7 4 7 9320 6060 1535
8810324116.227 7 4 8 3014 1294 5118
8810324116.227 7 4 9 3719 4991 9455
8810324116.227 7 5 0 6278 6635 8302
8810324116.227 7 5 1 4338 9982 7880
8810324116.227 7 5 2 2080 7949 3916
8810324116.227 7 5 3 7551 5167 6193
8810324116.227 7 5 4 4077 2809 7350
8810324116.227 7 5 5 9306 4790 5736
8810324116.227 7 5 6 1862 778 600
8810324116.227 7 5 7 7447 4616 2671
8810324116.227 7 5 8 7642 398 2843
8810324116.227 7 5 9 3584 8216 8098
8810324116.227 7 6 0 3504 267 1853
8810324116.227 7 6 1 9442 2706 9665
8810324116.227 7 6 2 2737 1841 2081
8810324116.227 7 6 3 3292 3299 2129
8810324116.227 7 6 4 8306 5880 8183
8810324116.227 7 6 5 9539 7306 1981
8810324116.227 7 6 6 3815 6680 3224
8810324116.227 7 6 7 4436 5443 5608
8810324116.227 7 6 8 835 5104 9192
8810324116.227 7 6 9 677 585 7752
8810324116.227 7 7 0 7249 9204 9672
8810324116.227 7 7 1 3226 2734 8818
8810324116.227 7 7 2 9522 3220 4334
8810324116.227 7 7 3 3302 5408 5904
8810324116.227 7 7 4 4235 9663 6739
8810324116.227 7 7 5 8349 2060 2020
8810324116.227 7 7 6 6731 9176 8052
8810324116.227 7 7 7 6285 4659 9770
8810324116.227 7 7 8 183 8310 3704
8810324116.227 7 7 9 7782 3710 9577
8810324116.227 7 8 0 9694 1088 7544
8810324116.227 7 8 1 8178 3572 6767
8810324116.227 7 8 2 7282 3783 4624
8810324116.227 7 8 3 2767 5688 2687
8810324116.227 7 8 4 3153 7078 4704
8810324116.227 7 8 5 9864 3252 1191
8810324116.227 7 8 6 1495 7455 5746
8810324116.227 7 8 7 4276 9052 4735
8810324116.227 7 8 8 9698 2487 7971
8810324116.227 7 8 9 6217 1240 6849
8810324116.227 7 9 0 5628 660 4037
8810324116.227 7 9 1 5415 6887 176
8810324116.227 7 9 2 6328 3614 11
8810324116.227 7 9 3 5648 7221 7198
8810324116.227 7 9 4 7672 1016 8072
8810324116.227 7 9 5 3509 3924 2554
8810324116.227 7 9 6 6175 7319 9671
8810324116.227 7 9 7 7824 6104 3579
8810324116.227 7 9 8 2637 4725 7892
8810324116.227 7 9 9 8718 5442 2416
8810324116.227 8 0 0 1368 1170 861
8810324116.227 8 0 1 7014 8248 1485
8810324116.227 8 0 2 6514 6253 847
8810324116.227 8 0 3 8758 9376 9886
8810324116.227 8 0 4 7018 7084 3133
8810324116.227 8 0 5 9678 5568 69
8810324116.227 8 0 6 206 3403 8535
8810324116.227 8 0 7 374 4806 7852
8810324116.227 8 0 8 2499 4793 9188
8810324116.227 8 0 9 7963 7596 5562
8810324116.227 8 1 0 8728 1192 2045
8810324116.227 8 1 1 5773 1922 5470
8810324116.227 8 1 2 7654 5739 9451
8810324116.227 8 1 3 676 6372 3049
8810324116.227 8 1 4 9092 188 8996
8810324116.227 8 1 5 5496 3016 4982
8810324116.227 8 1 6 4991 2162 1564
8810324116.227 8 1 7 9774 1916 7505
8810324116.227 8 1 8 7353 2145 3700
8810324116.227 8 1 9 1785 9094 1782
8810324116.227 8 2 0 9565 8224 8054
8810324116.227 8 2 1 7764 71 4487
8810324116.227 8 2 2 5676 2682 8743
8810324116.227 8 2 3 7551 7990 3121
8810324116.227 8 2 4 2387 6082 2850
8810324116.227 8 2 5 4330 6821 9605
8810324116.227 8 2 6 1614 8444 8082
8810324116.227 8 2 7 7675 4134 4508
8810324116.227 8 2 8 3029 8366 6477
8810324116.227 8 2 9 6332 2982 6357
8810324116.227 8 3 0 6722 8556 8891
8810324116.227 8 3 1 2092 1142 1766
8810324116.227 8 3 2 2321 4353 6872
8810324116.227 8 3 3 8858 7910 5815
8810324116.227 8 3 4 2669 7902 5084
8810324116.227 8 3 5 6509 247 9707
8810324116.227 8 3 6 8539 1135 4754
8810324116.227 8 3 7 9588 6306 7534
8810324116.227 8 3 8 533 1405 5857
8810324116.227 8 3 9 2303 1972 3682
8810324116.227 8 4 0 8797 2560 7134
8810324116.227 8 4 1 3740 5818 9742
8810324116.227 8 4 2 3410 6552 5391
8810324116.227 8 4 3 9416 546 3511
8810324116.227 8 4 4 4982 2272 402
8810324116.227 8 4 5 1885 9933 5756
8810324116.227 8 4 6 8107 979 2548
8810324116.227 8 4 7 1297 9218 5237
8810324116.227 8 4 8 7097 1657 9564
8810324116.227 8 4 9 9724 8061 722
8810324116.227 8 5 0 7270 7198 6129
8810324116.227 8 5 1 9941 7938 5462
8810324116.227 8 5 2 7064 1007 8987
8810324116.227 8 5 3 4248 1967 5148
8810324116.227 8 5 4 9162 5859 1969
8810324116.227 8 5 5 7446 8205 8525
8810324116.227 8 5 6 1496 3968 6386
8810324116.227 8 5 7 4618 3050 6333
8810324116.227 8 5 8 2583 4043 9648
8810324116.227 8 5 9 5252 5835 8411
8810324116.227 8 6 0 8042 8141 6143
8810324116.227 8 6 1 5041 5748 1871
8810324116.227 8 6 2 8704 8612 714
8810324116.227 8 6 3 9609 673 7673
8810324116.227 8 6 4 2169 142 4833
8810324116.227 8 6 5 7171 5763 9136
8810324116.227 8 6 6 3003 8402 152
8810324116.227 8 6 7 3163 713 1939
8810324116.227 8 6 8 701 2405 7759
8810324116.227 8 6 9 6329 3054 8588
8810324116.227 8 7 0 1723 3420 1881
8810324116.227 8 7 1 2336 7009 4100
8810324116.227 8 7 2 3713 8723 2324
8810324116.227 8 7 3 7945 2770 6205
8810324116.227 8 7 4 6008 7325 5943
8810324116.227 8 7 5 9147 507 3064
8810324116.227 8 7 6 5253 8899 3932
8810324116.227 8 7 7 1407 8878 460
8810324116.227 8 7 8 2948 4578 7518
8810324116.227 8 7 9 8668 9710 614
8810324116.227 8 8 0 3217 5976 3263
8810324116.227 8 8 1 3507 2446 9909
8810324116.227 8 8 2 7029 9904 6613
8810324116.227 8 8 3 4846 357 3005
8810324116.227 8 8 4 4262 4673 1730
8810324116.227 8 8 5 6734 5419 7297
8810324116.227 8 8 6 9316 3544 4187
8810324116.227 8 8 7 4579 1517 3202
8810324116.227 8 8 8 8765 760 5240
8810324116.227 8 8 9 7430 7581 6809
8810324116.227 8 9 0 9835 6595 1826
8810324116.227 8 9 1 3859 3684 4380
8810324116.227 8 9 2 2318 5840 5631
8810324116.227 8 9 3 6315 376 8356
8810324116.227 8 9 4 343 1902 3804
8810324116.227 8 9 5 3281 560 6739
8810324116.227 8 9 6 1051 8204 1675
8810324116.227 8 9 7 3452 6655 778
8810324116.227 8 9 8 3315 9206 8778
8810324116.227 8 9 9 2069 9804 5146
8810324116.227 9 0 0 2268 9356 8354
8810324116.227 9 0 1 8417 6332 5808
8810324116.227 9 0 2 7707 1490 887
8810324116.227 9 0 3 8114 1306 1352
8810324116.227 9 0 4 5075 8813 6650
8810324116.227 9 0 5 2631 7226 1051
8810324116.227 9 0 6 9683 7253 9539
8810324116.227 9 0 7 2375 9174 2063
8810324116.227 9 0 8 5023 9944 5959
8810324116.227 9 0 9 7649 8165 9921
8810324116.227 9 1 0 7964 1936 8413
8810324116.227 9 1 1 9174 348 3869
8810324116.227 9 1 2 8675 8986 593
8810324116.227 9 1 3 3399 8100 1905
8810324116.227 9 1 4 831 8852 9727
8810324116.227 9 1 5 6447 6206 9106
8810324116.227 9 1 6 984 298 1593
8810324116.227 9 1 7 804 1940 5579
8810324116.227 9 1 8 7740 2813 2155
8810324116.227 9 1 9 3440 5262 1214
8810324116.227 9 2 0 8807 1701 7981
8810324116.227 9 2 1 7713 4735 4409
8810324116.227 9 2 2 5939 7315 5958
8810324116.227 9 2 3 3983 8777 2351
8810324116.227 9 2 4 3192 8837 9284
8810324116.227 9 2 5 2577 8762 3312
8810324116.227 9 2 6 8325 1341 9326
8810324116.227 9 2 7 220 9617 1037
8810324116.227 9 2 8 5678 4423 5679
8810324116.227 9 2 9 9655 3416 5189
8810324116.227 9 3 0 5970 3397 4648
8810324116.227 9 3 1 47 9933 8990
8810324116.227 9 3 2 1583 8656 3716
8810324116.227 9 3 3 4184 7361 9750
8810324116.227 9 3 4 1290 9649 3165
8810324116.227 9 3 5 1360 3090 9246
8810324116.227 9 3 6 9759 1880 4555
8810324116.227 9 3 7 8326 6820 7338
8810324116.227 9 3 8 781 1091 1643
8810324116.227 9 3 9 7604 4704 6798
8810324116.227 9 4 0 559 4532 7689
8810324116.227 9 4 1 6474 9928 8055
8810324116.227 9 4 2 2366 6416 8856
8810324116.227 9 4 3 9598 9971 295
8810324116.227 9 4 4 5853 2924 8856
8810324116.227 9 4 5 7341 8301 7201
8810324116.227 9 4 6 2595 5564 5962
8810324116.227 9 4 7 964 2454 6626
8810324116.227 9 4 8 5648 702 632
8810324116.227 9 4 9 3638 4204 4863
8810324116.227 9 5 0 1398 8202 2117
8810324116.227 9 5 1 4139 6529 7278
8810324116.227 9 5 2 5367 7845 9445
8810324116.227 9 5 3 3732 4826 2893
8810324116.227 9 5 4 6484 6585 6694
8810324116.227 9 5 5 156 8037 1309
8810324116.227 9 5 6 2498 7439 3212
8810324116.227 9 5 7 6914 5654 8133
8810324116.227 9 5 8 4028 1014 2037
8810324116.227 9 5 9 9556 8078 8896
8810324116.227 9 6 0 2639 5997 4044
8810324116.227 9 6 1 8417 7521 1001
8810324116.227 9 6 2 6710 4033 1530
8810324116.227 9 6 3 1973 7098 6694
8810324116.227 9 6 4 7176 3160 6082
8810324116.227 9 6 5 7468 8867 447
8810324116.227 9 6 6 499 656 2060
8810324116.227 9 6 7 948 5288 2658
8810324116.227 9 6 8 2174 6779 9575
8810324116.227 9 6 9 9706 4478 867
8810324116.227 9 7 0 2711 4504 9999
8810324116.227 9 7 1 7453 7939 6095
8810324116.227 9 7 2 7482 2917 1690
8810324116.227 9 7 3 6904 8674 930
8810324116.227 9 7 4 36 8063 234
8810324116.227 9 7 5 5787 8757 32
8810324116.227 9 7 6 8623 5061 7999
8810324116.227 9 7 7 5250 8867 7608
8810324116.227 9 7 8 137 2765 5352
8810324116.227 9 7 9 6002 7107 6788
8810324116.227 9 8 0 7011 8036 5771
8810324116.227 9 8 1 1233 6417 7278
8810324116.227 9 8 2 6685 2743 8289
8810324116.227 9 8 3 7289 2359 2298
8810324116.227 9 8 4 7389 3010 3329
8810324116.227 9 8 5 8260 3999 9472
8810324116.227 9 8 6 2702 945 3451
8810324116.227 9 8 7 5401 9730 1315
8810324116.227 9 8 8 4624 2417 8570
8810324116.227 9 8 9 3680 7518 6690
8810324116.227 9 9 0 7880 1055 7611
8810324116.227 9 9 1 5415 5720 7197
8810324116.227 9 9 2 5805 1137 2524
8810324116.227 9 9 3 24 319 1216
8810324116.227 9 9 4 6722 6839 244
8810324116.227 9 9 5 1403 8502 5955
8810324116.227 9 9 6 9261 1019 8603
8810324116.227 9 9 7 9976 9894 6670
8810324116.227 9 9 8 4315 9850 661
8810324116.227 9 9 9 2787 15 3949
