1000
8810324116.227 0 0 0 2108 2211 954
8810324116.227 0 0 1 7311 6214 3704
8810324116.227 0 0 2 8936 7510 1511
8810324116.227 0 0 3 1124 6088 1785
8810324116.227 0 0 4 4557 7157 7951
8810324116.227 0 0 5 6036 9491 7633
8810324116.227 0 0 6 4855 4096 3659
8810324116.227 0 0 7 7574 1747 2770
8810324116.227 0 0 8 3598 2238 2090
8810324116.227 0 0 9 7619 2683 7748
8810324116.227 0 1 0 2240 7972 5450
8810324116.227 0 1 1 4681 5992 5312
8810324116.227 0 1 2 5918 2907 8294
8810324116.227 0 1 3 1010 5631 9671
8810324116.227 0 1 4 8997 7162 9153
8810324116.227 0 1 5 7587 8600 4532
8810324116.227 0 1 6 6928 5337 7204
8810324116.227 0 1 7 256 6589 8708
8810324116.227 0 1 8 1054 4809 7608
8810324116.227 0 1 9 4111 4368 5452
8810324116.227 0 2 0 3523 5607 2082
8810324116.227 0 2 1 4004 4152 3561
8810324116.227 0 2 2 1206 3614 8287
8810324116.227 0 2 3 9034 3286 1764
8810324116.227 0 2 4 2707 5391 9961
8810324116.227 0 2 5 9265 7035 147
8810324116.227 0 2 6 1873 4772 5840
8810324116.227 0 2 7 339 8047 6948
8810324116.227 0 2 8 4062 6860 7296
8810324116.227 0 2 9 168 7306 2532
8810324116.227 0 3 0 8949 4360 7459
8810324116.227 0 3 1 1870 3672 5527
8810324116.227 0 3 2 9215 4876 362
8810324116.227 0 3 3 8736 5952 2028
8810324116.227 0 3 4 6380 1606 8555
8810324116.227 0 3 5 5847 6623 5384
8810324116.227 0 3 6 5081 2942 7422
8810324116.227 0 3 7 2884 5070 3208
8810324116.227 0 3 8 5526 1309 2879
8810324116.227 0 3 9 9588 3224 1697
8810324116.227 0 4 0 7405 588 5735
8810324116.227 0 4 1 8129 7013 594
8810324116.227 0 4 2 7744 7347 9682
8810324116.227 0 4 3 2789 8926 1756
8810324116.227 0 4 4 2982 1614 763
8810324116.227 0 4 5 1250 3202 3142
8810324116.227 0 4 6 9232 9717 1027
8810324116.227 0 4 7 972 7410 5687
8810324116.227 0 4 8 6522 6659 8118
8810324116.227 0 4 9 7083 7488 8173
8810324116.227 0 5 0 7395 376 1445
8810324116.227 0 5 1 8904 57 2229
8810324116.227 0 5 2 4143 1545 1543
8810324116.227 0 5 3 5897 6262 7258
8810324116.227 0 5 4 9584 3017 6860
8810324116.227 0 5 5 9188 8636 4759
8810324116.227 0 5 6 5374 8136 9691
8810324116.227 0 5 7 293 9538 9460
8810324116.227 0 5 8 566 3902 7913
8810324116.227 0 5 9 4607 2899 7311
8810324116.227 0 6 0 2129 2141 4233
8810324116.227 0 6 1 861 2570 3740
8810324116.227 0 6 2 1727 1228 4394
8810324116.227 0 6 3 7120 2602 4483
8810324116.227 0 6 4 5883 5286 4850
8810324116.227 0 6 5 9538 2888 4351
8810324116.227 0 6 6 2665 705 3641
8810324116.227 0 6 7 1001 3049 3426
8810324116.227 0 6 8 956 8781 2977
8810324116.227 0 6 9 7523 5374 9442
8810324116.227 0 7 0 5776 8673 4935
8810324116.227 0 7 1 593 1018 9765
8810324116.227 0 7 2 9720 5258 3225
8810324116.227 0 7 3 5009 4839 4031
8810324116.227 0 7 4 5060 7876 5327
8810324116.227 0 7 5 2918 4878 2700
8810324116.227 0 7 6 2729 2585 811
8810324116.227 0 7 7 7852 6434 2852
8810324116.227 0 7 8 203 7638 2031
8810324116.227 0 7 9 2998 2055 9392
8810324116.227 0 8 0 5410 6705 4242
8810324116.227 0 8 1 4694 3708 2242
8810324116.227 0 8 2 2562 8098 8208
8810324116.227 0 8 3 1299 3659 5483
8810324116.227 0 8 4 4320 3152 3786
8810324116.227 0 8 5 188 6660 2153
8810324116.227 0 8 6 1093 9149 300
8810324116.227 0 8 7 9882 7262 5405
8810324116.227 0 8 8 2250 9438 7263
8810324116.227 0 8 9 9009 6192 364
8810324116.227 0 9 0 6221 4343 7775
8810324116.227 0 9 1 3712 3977 3797
8810324116.227 0 9 2 7401 6878 6915
8810324116.227 0 9 3 2120 522 1153
8810324116.227 0 9 4 8798 2753 4854
8810324116.227 0 9 5 4910 8015 5523
8810324116.227 0 9 6 5835 6433 3227
8810324116.227 0 9 7 5342 1701 7490
8810324116.227 0 9 8 3990 4149 6355
8810324116.227 0 9 9 5022 609 3062
8810324116.227 1 0 0 9460 3249 113
8810324116.227 1 0 1 1889 1656 4128
8810324116.227 1 0 2 9992 6285 675
8810324116.227 1 0 3 5387 7379 9053
8810324116.227 1 0 4 7018 687 94
8810324116.227 1 0 5 2076 5283 5649
8810324116.227 1 0 6 8394 3565 6194
8810324116.227 1 0 7 4595 5044 134
8810324116.227 1 0 8 7132 7676 7841
8810324116.227 1 0 9 775 1721 1722
8810324116.227 1 1 0 222 5935 8949
8810324116.227 1 1 1 1552 5366 983
8810324116.227 1 1 2 9635 5752 7568
8810324116.227 1 1 3 6197 4524 4455
8810324116.227 1 1 4 8648 88 4178
8810324116.227 1 1 5 1162 1669 1465
8810324116.227 1 1 6 6869 4749 4258
8810324116.227 1 1 7 5863 5413 8764
8810324116.227 1 1 8 9640 3612 1900
8810324116.227 1 1 9 9274 5128 2938
8810324116.227 1 2 0 80 8255 1703
8810324116.227 1 2 1 9916 6866 5334
8810324116.227 1 2 2 2248 5111 8215
8810324116.227 1 2 3 2893 2846 8818
8810324116.227 1 2 4 6566 368 2088
8810324116.227 1 2 5 815 4762 7377
8810324116.227 1 2 6 5769 429 5975
8810324116.227 1 2 7 2421 2997 4943
8810324116.227 1 2 8 8775 7643 6617
8810324116.227 1 2 9 3476 968 1476
8810324116.227 1 3 0 352 4731 7415
8810324116.227 1 3 1 7195 5495 8227
8810324116.227 1 3 2 687 7869 7280
8810324116.227 1 3 3 7675 1362 8081
8810324116.227 1 3 4 3403 8771 5591
8810324116.227 1 3 5 3947 6153 368
8810324116.227 1 3 6 8131 8881 7369
8810324116.227 1 3 7 7194 8833 9212
8810324116.227 1 3 8 8654 7326 7236
8810324116.227 1 3 9 1622 9119 3663
8810324116.227 1 4 0 6034 5826 8440
8810324116.227 1 4 1 9837 5805 3863
8810324116.227 1 4 2 7177 2424 6574
8810324116.227 1 4 3 2317 7403 5270
8810324116.227 1 4 4 7334 5405 2187
8810324116.227 1 4 5 5838 2677 911
8810324116.227 1 4 6 4201 2889 3144
8810324116.227 1 4 7 1538 5273 4985
8810324116.227 1 4 8 3484 3706 1632
8810324116.227 1 4 9 3520 4801 9050
8810324116.227 1 5 0 4795 9498 2043
8810324116.227 1 5 1 9178 7098 4127
8810324116.227 1 5 2 3680 2466 4639
8810324116.227 1 5 3 1669 5743 2248
8810324116.227 1 5 4 7499 2284 1551
8810324116.227 1 5 5 9305 5980 5358
8810324116.227 1 5 6 4019 644 5489
8810324116.227 1 5 7 7196 3756 478
8810324116.227 1 5 8 2745 3970 348
8810324116.227 1 5 9 5800 8951 3595
8810324116.227 1 6 0 3350 2667 5290
8810324116.227 1 6 1 1547 1999 7711
8810324116.227 1 6 2 7178 9573 5215
8810324116.227 1 6 3 4654 5573 2644
8810324116.227 1 6 4 8835 3745 2866
8810324116.227 1 6 5 4651 9757 4502
8810324116.227 1 6 6 8075 9265 3985
8810324116.227 1 6 7 3251 2892 4811
8810324116.227 1 6 8 8725 2942 4332
8810324116.227 1 6 9 6224 1162 9599
8810324116.227 1 7 0 651 146 904
8810324116.227 1 7 1 8747 2336 4950
8810324116.227 1 7 2 6803 4504 6920
8810324116.227 1 7 3 1613 3139 216
8810324116.227 1 7 4 9772 1098 4993
8810324116.227 1 7 5 3272 4133 9637
8810324116.227 1 7 6 2999 1777 7597
8810324116.227 1 7 7 4952 9338 4560
8810324116.227 1 7 8 269 5907 6409
8810324116.227 1 7 9 4081 532 9609
8810324116.227 1 8 0 9108 1404 6402
8810324116.227 1 8 1 8817 4189 204
8810324116.227 1 8 2 3072 9784 54
8810324116.227 1 8 3 9728 8841 4920
8810324116.227 1 8 4 1289 5335 1092
8810324116.227 1 8 5 2449 250 8983
8810324116.227 1 8 6 5389 3599 3056
8810324116.227 1 8 7 5622 8127 2080
8810324116.227 1 8 8 9135 2893 3269
8810324116.227 1 8 9 4378 5341 7925
8810324116.227 1 9 0 3420 7715 1676
8810324116.227 1 9 1 867 6080 3998
8810324116.227 1 9 2 8139 586 9501
8810324116.227 1 9 3 2653 9680 8688
8810324116.227 1 9 4 112 5909 3117
8810324116.227 1 9 5 1621 4078 9893
8810324116.227 1 9 6 7393 2578 3069
8810324116.227 1 9 7 6182 8001 3126
8810324116.227 1 9 8 578 9553 5346
8810324116.227 1 9 9 4597 7073 5409
8810324116.227 2 0 0 3812 4432 5908
8810324116.227 2 0 1 7685 9884 192
8810324116.227 2 0 2 5459 2459 1867
8810324116.227 2 0 3 5323 9657 5216
8810324116.227 2 0 4 3966 7671 4426
8810324116.227 2 0 5 988 7756 9114
8810324116.227 2 0 6 8888 6724 8122
8810324116.227 2 0 7 3001 7184 2443
8810324116.227 2 0 8 519 2620 2365
8810324116.227 2 0 9 1242 2357 2173
8810324116.227 2 1 0 1350 2590 6710
8810324116.227 2 1 1 1094 7298 5842
8810324116.227 2 1 2 1670 432 4545
8810324116.227 2 1 3 3172 8960 8869
8810324116.227 2 1 4 4801 2838 7335
8810324116.227 2 1 5 8857 2639 9991
8810324116.227 2 1 6 9674 316 1234
8810324116.227 2 1 7 905 2574 9743
8810324116.227 2 1 8 3991 7067 2461
8810324116.227 2 1 9 1678 3700 583
8810324116.227 2 2 0 584 2981 5882
8810324116.227 2 2 1 1225 1740 7906
8810324116.227 2 2 2 721 9424 2807
8810324116.227 2 2 3 670 5630 4018
8810324116.227 2 2 4 8651 910 9765
8810324116.227 2 2 5 461 7424 8368
8810324116.227 2 2 6 4594 2015 1167
8810324116.227 2 2 7 3279 3080 2869
8810324116.227 2 2 8 1185 5827 6944
8810324116.227 2 2 9 3466 8190 4795
8810324116.227 2 3 0 2391 2413 6741
8810324116.227 2 3 1 585 6545 9242
8810324116.227 2 3 2 3541 5039 9881
8810324116.227 2 3 3 2828 352 6502
8810324116.227 2 3 4 8265 4009 7577
8810324116.227 2 3 5 7298 1491 5862
8810324116.227 2 3 6 9765 407 9381
8810324116.227 2 3 7 661 2322 5034
8810324116.227 2 3 8 1498 6616 2199
8810324116.227 2 3 9 4286 9081 2678
8810324116.227 2 4 0 8488 6032 889
8810324116.227 2 4 1 9808 1711 1410
8810324116.227 2 4 2 3919 2227 628
8810324116.227 2 4 3 3284 3048 7029
8810324116.227 2 4 4 274 5597 3434
8810324116.227 2 4 5 8656 1844 7379
8810324116.227 2 4 6 8475 6461 3863
8810324116.227 2 4 7 5730 3935 9043
8810324116.227 2 4 8 7541 9296 2219
8810324116.227 2 4 9 675 8224 901
8810324116.227 2 5 0 9384 6452 7894
8810324116.227 2 5 1 1333 3616 1942
8810324116.227 2 5 2 1555 3776 9563
8810324116.227 2 5 3 4201 510 1218
8810324116.227 2 5 4 2276 3224 4574
8810324116.227 2 5 5 708 8134 7510
8810324116.227 2 5 6 6135 4814 620
8810324116.227 2 5 7 4574 1317 4925
8810324116.227 2 5 8 2535 7893 2112
8810324116.227 2 5 9 7174 3436 2101
8810324116.227 2 6 0 1469 4194 8631
8810324116.227 2 6 1 9371 4320 9339
8810324116.227 2 6 2 7695 7752 1896
8810324116.227 2 6 3 5902 3078 6883
8810324116.227 2 6 4 9703 5018 4109
8810324116.227 2 6 5 6095 1791 9030
8810324116.227 2 6 6 1707 1791 8979
8810324116.227 2 6 7 8873 9469 6463
8810324116.227 2 6 8 6183 9235 7312
8810324116.227 2 6 9 302 6868 4783
8810324116.227 2 7 0 8906 4369 1576
8810324116.227 2 7 1 8655 7287 4911
8810324116.227 2 7 2 4803 7068 501
8810324116.227 2 7 3 3081 533 9507
8810324116.227 2 7 4 7045 5614 9301
8810324116.227 2 7 5 2232 987 8153
8810324116.227 2 7 6 166 3448 1129
8810324116.227 2 7 7 3515 7806 2854
8810324116.227 2 7 8 5179 792 7433
8810324116.227 2 7 9 3740 3568 7825
8810324116.227 2 8 0 2584 3575 4247
8810324116.227 2 8 1 7345 7311 2589
8810324116.227 2 8 2 8603 8510 8244
8810324116.227 2 8 3 9408 1536 1823
8810324116.227 2 8 4 2814 4911 353
8810324116.227 2 8 5 1676 1592 3141
8810324116.227 2 8 6 7104 8738 2218
8810324116.227 2 8 7 5296 1295 4527
8810324116.227 2 8 8 3941 9876 7630
8810324116.227 2 8 9 5279 2968 9540
8810324116.227 2 9 0 8310 1691 1169
8810324116.227 2 9 1 3122 5410 2443
8810324116.227 2 9 2 1981 9332 9313
8810324116.227 2 9 3 6709 123 5525
8810324116.227 2 9 4 2801 2942 557
8810324116.227 2 9 5 3834 9554 1373
8810324116.227 2 9 6 6694 61 1403
8810324116.227 2 9 7 2798 6375 2402
8810324116.227 2 9 8 6799 5010 1164
8810324116.227 2 9 9 8345 7575 9055
8810324116.227 3 0 0 9430 9754 3731
8810324116.227 3 0 1 7312 3355 7509
8810324116.227 3 0 2 6262 7098 6083
8810324116.227 3 0 3 3103 1620 9281
8810324116.227 3 0 4 7406 821 107
8810324116.227 3 0 5 7311 2295 8519
8810324116.227 3 0 6 9423 1064 1606
8810324116.227 3 0 7 9801 1767 6508
8810324116.227 3 0 8 2663 4988 1400
8810324116.227 3 0 9 4465 8513 9004
8810324116.227 3 1 0 2691 2948 2209
8810324116.227 3 1 1 4645 3425 3207
8810324116.227 3 1 2 1836 3445 7593
8810324116.227 3 1 3 5804 9112 8224
8810324116.227 3 1 4 6037 7901 383
8810324116.227 3 1 5 7394 2838 5178
8810324116.227 3 1 6 7000 3965 3204
8810324116.227 3 1 7 7509 330 4866
8810324116.227 3 1 8 2666 2446 8638
8810324116.227 3 1 9 5754 6620 8029
8810324116.227 3 2 0 5208 5755 1815
8810324116.227 3 2 1 5348 7311 3972
8810324116.227 3 2 2 2742 5483 1829
8810324116.227 3 2 3 1648 7871 9869
8810324116.227 3 2 4 8886 7166 3102
8810324116.227 3 2 5 1886 2866 8125
8810324116.227 3 2 6 2153 1014 8600
8810324116.227 3 2 7 5732 9658 8219
8810324116.227 3 2 8 2014 8814 6074
8810324116.227 3 2 9 9020 9277 2255
8810324116.227 3 3 0 3938 4342 1682
8810324116.227 3 3 1 2168 8837 4728
8810324116.227 3 3 2 9784 304 6400
8810324116.227 3 3 3 7883 2930 5291
8810324116.227 3 3 4 4201 4919 9780
8810324116.227 3 3 5 2614 9804 3809
8810324116.227 3 3 6 5256 7751 384
8810324116.227 3 3 7 9672 7813 5881
8810324116.227 3 3 8 743 323 8359
8810324116.227 3 3 9 3758 9167 4527
8810324116.227 3 4 0 2429 6413 3600
8810324116.227 3 4 1 2468 5993 3832
8810324116.227 3 4 2 8900 1733 4883
8810324116.227 3 4 3 3451 5172 590
8810324116.227 3 4 4 5899 8190 1820
8810324116.227 3 4 5 5144 432 7199
8810324116.227 3 4 6 546 4771 4672
8810324116.227 3 4 7 7527 5923 8710
8810324116.227 3 4 8 7082 4565 1349
8810324116.227 3 4 9 6041 6658 42
8810324116.227 3 5 0 8441 2352 8711
8810324116.227 3 5 1 6282 9694 8694
8810324116.227 3 5 2 5923 7381 526
8810324116.227 3 5 3 1509 5574 5810
8810324116.227 3 5 4 7706 2376 6610
8810324116.227 3 5 5 204 1369 2167
8810324116.227 3 5 6 9743 2026 8077
8810324116.227 3 5 7 306 320 4010
8810324116.227 3 5 8 7496 2749 5429
8810324116.227 3 5 9 6881 9277 8395
8810324116.227 3 6 0 6407 1870 7346
8810324116.227 3 6 1 136 6556 5792
8810324116.227 3 6 2 4714 1158 7365
8810324116.227 3 6 3 9963 5476 2633
8810324116.227 3 6 4 4388 1794 4202
8810324116.227 3 6 5 8733 2586 5097
8810324116.227 3 6 6 1098 2923 3241
8810324116.227 3 6 7 817 7218 7942
8810324116.227 3 6 8 5837 1173 8212
8810324116.227 3 6 9 5665 3788 1481
8810324116.227 3 7 0 5931 7744 7927
8810324116.227 3 7 1 2719 1430 5590
8810324116.227 3 7 2 2381 8931 7464
8810324116.227 3 7 3 6841 7770 364
8810324116.227 3 7 4 4167 322 2126
8810324116.227 3 7 5 5312 4385 2167
8810324116.227 3 7 6 4789 9621 5778
8810324116.227 3 7 7 4861 8576 5060
8810324116.227 3 7 8 6349 4319 7632
8810324116.227 3 7 9 3308 1339 5837
8810324116.227 3 8 0 3 4882 1359
8810324116.227 3 8 1 8935 5695 1862
8810324116.227 3 8 2 8952 3189 5422
8810324116.227 3 8 3 4039 3987 9586
8810324116.227 3 8 4 3381 7286 2875
8810324116.227 3 8 5 5571 7373 1599
8810324116.227 3 8 6 2072 694 7348
8810324116.227 3 8 7 2588 9914 4268
8810324116.227 3 8 8 7541 8398 3117
8810324116.227 3 8 9 221 5303 9901
8810324116.227 3 9 0 4139 1802 9280
8810324116.227 3 9 1 530 1868 5533
8810324116.227 3 9 2 2095 6790 2113
8810324116.227 3 9 3 6248 8516 2227
8810324116.227 3 9 4 598 270 5241
8810324116.227 3 9 5 5424 5432 7596
8810324116.227 3 9 6 4058 5018 7880
8810324116.227 3 9 7 8209 5188 1491
8810324116.227 3 9 8 2322 3086 1568
8810324116.227 3 9 9 1919 1718 4906
8810324116.227 4 0 0 5922 4170 931
8810324116.227 4 0 1 2815 4462 741
8810324116.227 4 0 2 8351 9850 6307
8810324116.227 4 0 3 7524 5853 4352
8810324116.227 4 0 4 5057 7886 7325
8810324116.227 4 0 5 4824 6496 3131
8810324116.227 4 0 6 5950 6896 2329
8810324116.227 4 0 7 5082 6931 3283
8810324116.227 4 0 8 6421 3684 8120
8810324116.227 4 0 9 6439 9170 64
8810324116.227 4 1 0 4568 1373 9375
8810324116.227 4 1 1 2947 4141 4759
8810324116.227 4 1 2 8904 8440 3680
8810324116.227 4 1 3 4403 1612 9216
8810324116.227 4 1 4 2200 3030 9002
8810324116.227 4 1 5 3717 4925 7211
8810324116.227 4 1 6 186 9683 2187
8810324116.227 4 1 7 427 1333 2388
8810324116.227 4 1 8 4053 3973 4341
8810324116.227 4 1 9 1488 2923 677
8810324116.227 4 2 0 7006 85 5001
8810324116.227 4 2 1 8680 7003 156
8810324116.227 4 2 2 3081 9166 6308
8810324116.227 4 2 3 1534 7288 2259
8810324116.227 4 2 4 1522 8393 6840
8810324116.227 4 2 5 2248 589 6900
8810324116.227 4 2 6 2675 2247 7978
8810324116.227 4 2 7 5898 643 3445
8810324116.227 4 2 8 8985 2380 6238
8810324116.227 4 2 9 5682 3050 4807
8810324116.227 4 3 0 1042 6897 5983
8810324116.227 4 3 1 6475 9187 331
8810324116.227 4 3 2 9739 6685 4978
8810324116.227 4 3 3 6785 1998 3421
8810324116.227 4 3 4 2430 9129 3475
8810324116.227 4 3 5 2313 2841 4814
8810324116.227 4 3 6 5343 2295 6500
8810324116.227 4 3 7 5461 8990 5128
8810324116.227 4 3 8 5566 6046 6247
8810324116.227 4 3 9 2350 9967 8372
8810324116.227 4 4 0 3510 6519 2028
8810324116.227 4 4 1 9850 6415 8355
8810324116.227 4 4 2 4857 5038 9206
8810324116.227 4 4 3 9924 4056 3812
8810324116.227 4 4 4 6864 5863 2855
8810324116.227 4 4 5 422 9882 3258
8810324116.227 4 4 6 8258 3539 9223
8810324116.227 4 4 7 7896 9263 52
8810324116.227 4 4 8 4101 1264 1297
8810324116.227 4 4 9 6230 5915 2514
8810324116.227 4 5 0 7882 4992 7524
8810324116.227 4 5 1 6085 952 711
8810324116.227 4 5 2 4946 1454 8072
8810324116.227 4 5 3 4381 5235 7146
8810324116.227 4 5 4 3131 8665 949
8810324116.227 4 5 5 4212 743 5895
8810324116.227 4 5 6 9768 1284 5168
8810324116.227 4 5 7 9500 8684 8971
8810324116.227 4 5 8 3684 2496 9050
8810324116.227 4 5 9 9638 3328 6815
8810324116.227 4 6 0 3181 4175 6943
8810324116.227 4 6 1 6969 1944 3654
8810324116.227 4 6 2 8430 7368 2471
8810324116.227 4 6 3 451 6033 4273
8810324116.227 4 6 4 1279 9253 2586
8810324116.227 4 6 5 150 2688 2068
8810324116.227 4 6 6 5585 2651 6980
8810324116.227 4 6 7 3237 9933 7664
8810324116.227 4 6 8 4812 8865 8548
8810324116.227 4 6 9 7282 4786 6546
8810324116.227 4 7 0 225 4497 8125
8810324116.227 4 7 1 7150 2065 6780
8810324116.227 4 7 2 7289 7189 4472
8810324116.227 4 7 3 652 5663 8434
8810324116.227 4 7 4 2473 7944 8419
8810324116.227 4 7 5 4560 5917 4250
8810324116.227 4 7 6 5817 6972 1163
8810324116.227 4 7 7 9130 8194 258
8810324116.227 4 7 8 9979 7727 5501
8810324116.227 4 7 9 2768 9210 2623
8810324116.227 4 8 0 6620 3790 8058
8810324116.227 4 8 1 611 8517 1336
8810324116.227 4 8 2 9181 2832 3108
8810324116.227 4 8 3 9872 1449 3211
8810324116.227 4 8 4 7616 7537 9574
8810324116.227 4 8 5 9176 3445 661
8810324116.227 4 8 6 4127 1976 4638
8810324116.227 4 8 7 1325 2838 4713
8810324116.227 4 8 8 6079 3635 4443
8810324116.227 4 8 9 7098 2744 2849
8810324116.227 4 9 0 3527 4406 6446
8810324116.227 4 9 1 9341 3154 3931
8810324116.227 4 9 2 9454 7142 2232
8810324116.227 4 9 3 2127 4382 8284
8810324116.227 4 9 4 7629 5777 476
8810324116.227 4 9 5 5800 3211 5778
8810324116.227 4 9 6 9666 7308 2754
8810324116.227 4 9 7 7832 2273 5489
8810324116.227 4 9 8 6999 2476 5082
8810324116.227 4 9 9 2603 3781 3822
8810324116.227 5 0 0 2955 2141 5221
8810324116.227 5 0 1 5102 4219 833
8810324116.227 5 0 2 661 6655 3638
8810324116.227 5 0 3 1775 8440 8804
8810324116.227 5 0 4 9876 4118 5375
8810324116.227 5 0 5 7977 6728 5218
8810324116.227 5 0 6 3759 7379 76
8810324116.227 5 0 7 6418 780 9959
8810324116.227 5 0 8 959 606 939
8810324116.227 5 0 9 7614 8813 2713
8810324116.227 5 1 0 8358 7157 5151
8810324116.227 5 1 1 4144 136 4787
8810324116.227 5 1 2 1849 8363 1879
8810324116.227 5 1 3 1136 2284 9987
8810324116.227 5 1 4 1731 9720 9027
8810324116.227 5 1 5 4970 141 9787
8810324116.227 5 1 6 8192 4194 1948
8810324116.227 5 1 7 8755 8341 5035
8810324116.227 5 1 8 3706 6101 2715
8810324116.227 5 1 9 6357 7664 7925
8810324116.227 5 2 0 3767 6744 8263
8810324116.227 5 2 1 63 7074 6417
8810324116.227 5 2 2 7349 9888 5071
8810324116.227 5 2 3 1994 6266 5736
8810324116.227 5 2 4 5764 4060 6731
8810324116.227 5 2 5 2760 3692 1026
8810324116.227 5 2 6 5758 3856 4477
8810324116.227 5 2 7 5046 1221 9687
8810324116.227 5 2 8 5971 3083 3794
8810324116.227 5 2 9 3984 2497 7056
8810324116.227 5 3 0 8760 4474 8414
8810324116.227 5 3 1 4706 3882 9514
8810324116.227 5 3 2 5027 7529 3546
8810324116.227 5 3 3 2494 7257 9689
8810324116.227 5 3 4 9483 8060 5137
8810324116.227 5 3 5 4215 4180 1485
8810324116.227 5 3 6 9797 6049 4231
8810324116.227 5 3 7 4483 6413 2329
8810324116.227 5 3 8 5910 9704 7713
8810324116.227 5 3 9 7485 2888 7452
8810324116.227 5 4 0 843 175 1535
8810324116.227 5 4 1 4185 9549 1473
8810324116.227 5 4 2 502 9598 1627
8810324116.227 5 4 3 2000 428 787
8810324116.227 5 4 4 1516 1688 4678
8810324116.227 5 4 5 1431 6867 2965
8810324116.227 5 4 6 608 2519 2464
8810324116.227 5 4 7 5672 1733 7657
8810324116.227 5 4 8 6177 3420 3246
8810324116.227 5 4 9 2798 957 1979
8810324116.227 5 5 0 4604 1085 9995
8810324116.227 5 5 1 3559 8488 2750
8810324116.227 5 5 2 6500 954 4259
8810324116.227 5 5 3 9076 4468 5676
8810324116.227 5 5 4 4499 7159 9550
8810324116.227 5 5 5 6263 8870 2423
8810324116.227 5 5 6 7348 3702 6610
8810324116.227 5 5 7 5785 1056 2767
8810324116.227 5 5 8 6846 5956 5117
8810324116.227 5 5 9 2565 7641 7411
8810324116.227 5 6 0 301 3059 3984
8810324116.227 5 6 1 8414 5289 5927
8810324116.227 5 6 2 2615 6134 2628
8810324116.227 5 6 3 1446 4225 4951
8810324116.227 5 6 4 8128 1874 2742
8810324116.227 5 6 5 8185 8838 1110
8810324116.227 5 6 6 2857 6602 355
8810324116.227 5 6 7 42 3089 7482
8810324116.227 5 6 8 2110 8752 73
8810324116.227 5 6 9 471 1449 6165
8810324116.227 5 7 0 3478 464 6935
8810324116.227 5 7 1 3779 5066 4487
8810324116.227 5 7 2 790 6222 8694
8810324116.227 5 7 3 6850 6300 1875
8810324116.227 5 7 4 5452 5906 1927
8810324116.227 5 7 5 8736 9876 8942
8810324116.227 5 7 6 8212 564 7823
8810324116.227 5 7 7 6397 9082 9841
8810324116.227 5 7 8 8242 5711 9683
8810324116.227 5 7 9 6023 9272 2263
8810324116.227 5 8 0 4423 6441 8585
8810324116.227 5 8 1 9702 6487 7825
8810324116.227 5 8 2 9389 8832 183
8810324116.227 5 8 3 7392 7967 8879
8810324116.227 5 8 4 1836 6978 2618
8810324116.227 5 8 5 4899 9613 7220
8810324116.227 5 8 6 3709 7130 4437
8810324116.227 5 8 7 308 3989 7836
8810324116.227 5 8 8 8260 9092 7784
8810324116.227 5 8 9 815 8843 3649
8810324116.227 5 9 0 3891 8779 83
8810324116.227 5 9 1 8841 2284 4355
8810324116.227 5 9 2 8640 5764 7635
8810324116.227 5 9 3 4545 4144 5695
8810324116.227 5 9 4 3514 6465 6269
8810324116.227 5 9 5 6750 3279 3248
8810324116.227 5 9 6 797 5729 9477
8810324116.227 5 9 7 5970 3675 2537
8810324116.227 5 9 8 771 3756 6605
8810324116.227 5 9 9 3034 5683 9887
8810324116.227 6 0 0 2085 99 9113
8810324116.227 6 0 1 297 5466 1928
8810324116.227 6 0 2 1490 7957 8425
8810324116.227 6 0 3 5833 1555 5098
8810324116.227 6 0 4 2326 4640 9249
8810324116.227 6 0 5 5913 9642 9341
8810324116.227 6 0 6 7059 3148 2363
8810324116.227 6 0 7 9921 5160 2681
8810324116.227 6 0 8 4557 846 7008
8810324116.227 6 0 9 2063 1508 4634
8810324116.227 6 1 0 2461 5344 3330
8810324116.227 6 1 1 7008 9588 7344
8810324116.227 6 1 2 7982 5110 1223
8810324116.227 6 1 3 1810 3680 2474
8810324116.227 6 1 4 7250 2367 6450
8810324116.227 6 1 5 1984 1481 2049
8810324116.227 6 1 6 8081 4007 6959
8810324116.227 6 1 7 5628 2549 8441
8810324116.227 6 1 8 3314 3783 5597
8810324116.227 6 1 9 4301 6659 5948
8810324116.227 6 2 0 4329 7201 652
8810324116.227 6 2 1 8609 9112 487
8810324116.227 6 2 2 3969 2401 8851
8810324116.227 6 2 3 5317 4493 2167
8810324116.227 6 2 4 4292 5894 4266
8810324116.227 6 2 5 8689 7927 1956
8810324116.227 6 2 6 4342 319 8570
8810324116.227 6 2 7 9713 6585 215
8810324116.227 6 2 8 6839 7478 9543
8810324116.227 6 2 9 5318 6075 7660
8810324116.227 6 3 0 8531 4730 4983
8810324116.227 6 3 1 551 6054 4170
8810324116.227 6 3 2 5312 713 577
8810324116.227 6 3 3 2129 7986 7656
8810324116.227 6 3 4 4408 2176 7956
8810324116.227 6 3 5 380 8763 6391
8810324116.227 6 3 6 7941 9927 7330
8810324116.227 6 3 7 8245 5409 5605
8810324116.227 6 3 8 4857 3908 54
8810324116.227 6 3 9 7572 4565 9321
8810324116.227 6 4 0 6966 1170 929
8810324116.227 6 4 1 5740 8341 2367
8810324116.227 6 4 2 4927 2930 3140
8810324116.227 6 4 3 7666 5179 2098
8810324116.227 6 4 4 6443 6570 6398
8810324116.227 6 4 5 5955 6762 2122
8810324116.227 6 4 6 8187 4217 3740
8810324116.227 6 4 7 1376 8536 5251
8810324116.227 6 4 8 2035 5209 1043
8810324116.227 6 4 9 2573 9876 3936
8810324116.227 6 5 0 4023 7070 3165
8810324116.227 6 5 1 92 110 5040
8810324116.227 6 5 2 1649 4072 5692
8810324116.227 6 5 3 817 9253 1049
8810324116.227 6 5 4 3198 6743 6871
8810324116.227 6 5 5 411 3609 7445
8810324116.227 6 5 6 6026 5465 2538
8810324116.227 6 5 7 3631 4068 5485
8810324116.227 6 5 8 9 7174 3774
8810324116.227 6 5 9 4292 392 5481
8810324116.227 6 6 0 3205 683 5023
8810324116.227 6 6 1 9143 3553 3219
8810324116.227 6 6 2 9880 547 1425
8810324116.227 6 6 3 1403 8279 5524
8810324116.227 6 6 4 5288 2025 2206
8810324116.227 6 6 5 4473 1129 60
8810324116.227 6 6 6 1805 7520 2617
8810324116.227 6 6 7 7586 6051 5183
8810324116.227 6 6 8 1411 6788 6811
8810324116.227 6 6 9 2955 7542 9358
8810324116.227 6 7 0 1804 9213 3744
8810324116.227 6 7 1 8328 6245 5759
8810324116.227 6 7 2 5942 8383 9825
8810324116.227 6 7 3 7622 7553 8550
8810324116.227 6 7 4 5784 8445 6943
8810324116.227 6 7 5 1436 665 7796
8810324116.227 6 7 6 3920 6723 4056
8810324116.227 6 7 7 3715 8153 9358
8810324116.227 6 7 8 6100 838 7901
8810324116.227 6 7 9 1612 3647 3108
8810324116.227 6 8 0 4496 3169 6990
8810324116.227 6 8 1 7601 2778 5791
8810324116.227 6 8 2 946 5910 2651
8810324116.227 6 8 3 7593 6840 2246
8810324116.227 6 8 4 1889 8238 2208
8810324116.227 6 8 5 5808 9435 5179
8810324116.227 6 8 6 4175 5947 7978
8810324116.227 6 8 7 1615 1316 2944
8810324116.227 6 8 8 7423 1731 5368
8810324116.227 6 8 9 3225 3152 4867
8810324116.227 6 9 0 9388 917 9724
8810324116.227 6 9 1 5314 9935 150
8810324116.227 6 9 2 2770 3174 9948
8810324116.227 6 9 3 3455 4188 9510
8810324116.227 6 9 4 8147 1990 6687
8810324116.227 6 9 5 7729 5041 9572
8810324116.227 6 9 6 2281 5489 2598
8810324116.227 6 9 7 9884 2406 7986
8810324116.227 6 9 8 6430 9653 861
8810324116.227 6 9 9 2502 5943 5091
8810324116.227 7 0 0 5986 3206 1343
8810324116.227 7 0 1 7706 2227 2634
8810324116.227 7 0 2 7911 7304 8065
8810324116.227 7 0 3 8408 3704 3687
8810324116.227 7 0 4 3448 3154 3215
8810324116.227 7 0 5 6745 3140 2971
8810324116.227 7 0 6 5661 8272 427
8810324116.227 7 0 7 7003 2887 9914
8810324116.227 7 0 8 2877 8377 3123
8810324116.227 7 0 9 5868 2104 5209
8810324116.227 7 1 0 6789 3317 5495
8810324116.227 7 1 1 1383 7621 3771
8810324116.227 7 1 2 4058 2522 1441
8810324116.227 7 1 3 7771 9805 988
8810324116.227 7 1 4 6349 2810 5730
8810324116.227 7 1 5 2175 3777 8512
8810324116.227 7 1 6 4245 8268 4637
8810324116.227 7 1 7 4349 925 9398
8810324116.227 7 1 8 7643 4463 659
8810324116.227 7 1 9 6159 7118 7368
8810324116.227 7 2 0 4066 7165 4221
8810324116.227 7 2 1 3076 5692 9312
8810324116.227 7 2 2 549 6013 4549
8810324116.227 7 2 3 2233 212 3531
8810324116.227 7 2 4 6645 513 1340
8810324116.227 7 2 5 6003 6361 436
8810324116.227 7 2 6 1433 6291 3925
8810324116.227 7 2 7 7154 323 223
8810324116.227 7 2 8 5737 4462 589
8810324116.227 7 2 9 3803 49 9458
8810324116.227 7 3 0 8962 9025 9723
8810324116.227 7 3 1 782 8060 901
8810324116.227 7 3 2 8888 5844 6548
8810324116.227 7 3 3 2002 7192 1655
8810324116.227 7 3 4 8029 4387 1572
8810324116.227 7 3 5 9200 5905 6108
8810324116.227 7 3 6 2485 652 3047
8810324116.227 7 3 7 5102 3272 3568
8810324116.227 7 3 8 2129 8924 2100
8810324116.227 7 3 9 2340 8804 739
8810324116.227 7 4 0 3667 3979 9426
8810324116.227 7 4 1 9923 6447 5882
8810324116.227 7 4 2 8072 802 4115
8810324116.227 7 4 3 4526 6706 2108
8810324116.227 7 4 4 4283 7851 6348
8810324116.227 7 4 5 3962 1934 4410
8810324116.227 7 4 6 6669 4948 1384
8810324116.227 7 4 7 8299 4169 3540
8810324116.227 7 4 8 9297 2916 1401
8810324116.227 7 4 9 50 1400 2402
8810324116.227 7 5 0 4781 2937 6672
8810324116.227 7 5 1 3728 1820 643
8810324116.227 7 5 2 5166 9426 2768
8810324116.227 7 5 3 5932 4871 5803
8810324116.227 7 5 4 3279 7180 2489
8810324116.227 7 5 5 9459 6089 2582
8810324116.227 7 5 6 2630 7309 6554
8810324116.227 7 5 7 5566 833 3286
8810324116.227 7 5 8 6056 9817 8831
8810324116.227 7 5 9 872 7427 4655
8810324116.227 7 6 0 6734 7207 9951
8810324116.227 7 6 1 4592 9962 5801
8810324116.227 7 6 2 9105 2939 7158
8810324116.227 7 6 3 4722 1559 292
8810324116.227 7 6 4 6011 1649 3242
8810324116.227 7 6 5 322 1915 8400
8810324116.227 7 6 6 7688 2786 5223
8810324116.227 7 6 7 7009 7764 1518
8810324116.227 7 6 8 4570 3156 5283
8810324116.227 7 6 9 6908 3981 4975
8810324116.227 7 7 0 3683 1127 3799
8810324116.227 7 7 1 6410 6089 3055
8810324116.227 7 7 2 9938 6946 2609
8810324116.227 7 7 3 4532 4836 2545
8810324116.227 7 7 4 2441 2254 6247
8810324116.227 7 7 5 6682 6915 963
8810324116.227 7 7 6 5513 7323 3982
8810324116.227 7 7 7 5196 5145 2443
8810324116.227 7 7 8 9183 6580 7399
8810324116.227 7 7 9 609 2370 1043
8810324116.227 7 8 0 9088 7197 5015
8810324116.227 7 8 1 6210 9635 282
8810324116.227 7 8 2 2841 1014 6163
8810324116.227 7 8 3 6241 7226 1288
8810324116.227 7 8 4 3034 2401 9726
8810324116.227 7 8 5 6383 6893 5859
8810324116.227 7 8 6 7904 8089 9725
8810324116.227 7 8 7 5080 3048 8627
8810324116.227 7 8 8 1755 2049 4146
8810324116.227 7 8 9 9844 1681 4680
8810324116.227 7 9 0 4331 7936 6964
8810324116.227 7 9 1 7546 5478 921
8810324116.227 7 9 2 21 110 2299
8810324116.227 7 9 3 2747 3825 2781
8810324116.227 7 9 4 3876 7541 1077
8810324116.227 7 9 5 3153 9239 7286
8810324116.227 7 9 6 5624 2408 5852
8810324116.227 7 9 7 2413 3435 282
8810324116.227 7 9 8 5445 2861 596
8810324116.227 7 9 9 7216 7735 5094
8810324116.227 8 0 0 4933 4291 3251
8810324116.227 8 0 1 3470 4335 3141
8810324116.227 8 0 2 4033 6988 8204
8810324116.227 8 0 3 9824 3720 6909
8810324116.227 8 0 4 5879 3638 7232
8810324116.227 8 0 5 7428 4639 7366
8810324116.227 8 0 6 8558 4939 8456
8810324116.227 8 0 7 2032 5823 1120
8810324116.227 8 0 8 6817 8204 2895
8810324116.227 8 0 9 7928 6754 6220
8810324116.227 8 1 0 253 3297 5259
8810324116.227 8 1 1 1961 3941 2672
8810324116.227 8 1 2 9202 7193 5971
8810324116.227 8 1 3 7877 5763 2514
8810324116.227 8 1 4 9175 7605 3431
8810324116.227 8 1 5 1125 6468 1363
8810324116.227 8 1 6 3514 7229 4348
8810324116.227 8 1 7 5390 3629 6730
8810324116.227 8 1 8 2998 4948 5447
8810324116.227 8 1 9 7836 2746 5021
8810324116.227 8 2 0 2512 9397 949
8810324116.227 8 2 1 3352 6510 8938
8810324116.227 8 2 2 8040 8225 9562
8810324116.227 8 2 3 6278 6953 157
8810324116.227 8 2 4 8355 8948 5781
8810324116.227 8 2 5 917 2051 1253
8810324116.227 8 2 6 7221 7531 2902
8810324116.227 8 2 7 6480 2256 3986
8810324116.227 8 2 8 9364 7159 5839
8810324116.227 8 2 9 2000 6749 296
8810324116.227 8 3 0 4414 4507 2206
8810324116.227 8 3 1 8496 5032 7061
8810324116.227 8 3 2 829 5498 2313
8810324116.227 8 3 3 7972 2173 6417
8810324116.227 8 3 4 1349 4488 550
8810324116.227 8 3 5 495 6456 7316
8810324116.227 8 3 6 1974 961 6081
8810324116.227 8 3 7 5149 131 6150
8810324116.227 8 3 8 4227 5882 1800
8810324116.227 8 3 9 3586 8303 6191
8810324116.227 8 4 0 8425 3359 3225
8810324116.227 8 4 1 2502 1906 5343
8810324116.227 8 4 2 4333 4058 9786
8810324116.227 8 4 3 4260 2605 4340
8810324116.227 8 4 4 5301 2854 1223
8810324116.227 8 4 5 7499 6832 5981
8810324116.227 8 4 6 8765 4412 9740
8810324116.227 8 4 7 7157 8168 4856
8810324116.227 8 4 8 5024 4978 4349
8810324116.227 8 4 9 6725 4953 3727
8810324116.227 8 5 0 2033 8549 4980
8810324116.227 8 5 1 7276 3352 6946
8810324116.227 8 5 2 6952 7640 3728
8810324116.227 8 5 3 9720 8509 3041
8810324116.227 8 5 4 4850 7542 3257
8810324116.227 8 5 5 9902 7344 4453
8810324116.227 8 5 6 8781 2508 1983
8810324116.227 8 5 7 6456 9685 6577
8810324116.227 8 5 8 6279 7872 9032
8810324116.227 8 5 9 8385 4699 3135
8810324116.227 8 6 0 7832 685 3150
8810324116.227 8 6 1 9310 5914 9125
8810324116.227 8 6 2 5946 3651 5388
8810324116.227 8 6 3 5191 6298 1930
8810324116.227 8 6 4 761 4813 9082
8810324116.227 8 6 5 157 898 5026
8810324116.227 8 6 6 3936 6953 5648
8810324116.227 8 6 7 6875 9402 712
8810324116.227 8 6 8 2586 531 4498
8810324116.227 8 6 9 6099 2891 4680
8810324116.227 8 7 0 4451 3279 8503
8810324116.227 8 7 1 8324 5309 3719
8810324116.227 8 7 2 8943 2204 6650
8810324116.227 8 7 3 7267 5572 2913
8810324116.227 8 7 4 4731 1131 3796
8810324116.227 8 7 5 1278 9099 8933
8810324116.227 8 7 6 3116 7030 8098
8810324116.227 8 7 7 9816 8236 570
8810324116.227 8 7 8 4880 5860 8732
8810324116.227 8 7 9 3641 7459 4098
8810324116.227 8 8 0 5962 7916 5777
8810324116.227 8 8 1 2035 1415 1374
8810324116.227 8 8 2 5014 815 3824
8810324116.227 8 8 3 1064 6370 1476
8810324116.227 8 8 4 6905 6758 1682
8810324116.227 8 8 5 3373 5207 3305
8810324116.227 8 8 6 9881 9199 1064
8810324116.227 8 8 7 9678 4940 5376
8810324116.227 8 8 8 3945 8900 5471
8810324116.227 8 8 9 9933 747 2856
8810324116.227 8 9 0 4326 6897 8117
8810324116.227 8 9 1 549 5970 1985
8810324116.227 8 9 2 2968 2282 153
8810324116.227 8 9 3 43 2573 4488
8810324116.227 8 9 4 7214 5646 9822
8810324116.227 8 9 5 6014 6170 6669
8810324116.227 8 9 6 3287 2350 2849
8810324116.227 8 9 7 3700 7970 5807
8810324116.227 8 9 8 8048 8439 7999
8810324116.227 8 9 9 2785 4817 2958
8810324116.227 9 0 0 8535 3071 3309
8810324116.227 9 0 1 5544 7552 4423
8810324116.227 9 0 2 9263 6456 8017
8810324116.227 9 0 3 6425 2362 9328
8810324116.227 9 0 4 6474 1711 1357
8810324116.227 9 0 5 1257 58 6132
8810324116.227 9 0 6 2371 9247 8900
8810324116.227 9 0 7 7191 2306 2189
8810324116.227 9 0 8 104 5245 5152
8810324116.227 9 0 9 3997 3342 3788
8810324116.227 9 1 0 9997 9813 9909
8810324116.227 9 1 1 1880 5423 7540
8810324116.227 9 1 2 5993 2304 2286
8810324116.227 9 1 3 5840 2853 992
8810324116.227 9 1 4 5423 3419 8629
8810324116.227 9 1 5 668 3359 1105
8810324116.227 9 1 6 211 2078 5051
8810324116.227 9 1 7 1494 3595 5233
8810324116.227 9 1 8 1694 7837 5622
8810324116.227 9 1 9 7948 9810 2213
8810324116.227 9 2 0 7901 1725 1324
8810324116.227 9 2 1 5886 3054 3059
8810324116.227 9 2 2 9062 8370 7559
8810324116.227 9 2 3 7103 7957 1232
8810324116.227 9 2 4 4147 1624 4809
8810324116.227 9 2 5 6558 4717 3925
8810324116.227 9 2 6 5056 366 4897
8810324116.227 9 2 7 3064 641 5423
8810324116.227 9 2 8 3931 3066 7474
8810324116.227 9 2 9 8321 1405 8857
8810324116.227 9 3 0 1478 2692 8671
8810324116.227 9 3 1 3632 8341 8292
8810324116.227 9 3 2 9244 7262 4812
8810324116.227 9 3 3 7388 6519 922
8810324116.227 9 3 4 7306 8961 8504
8810324116.227 9 3 5 1709 6283 8317
8810324116.227 9 3 6 8878 8544 1042
8810324116.227 9 3 7 7336 9958 4342
8810324116.227 9 3 8 6198 3917 6147
8810324116.227 9 3 9 7217 5834 9587
8810324116.227 9 4 0 9825 6303 7434
8810324116.227 9 4 1 3472 9874 6384
8810324116.227 9 4 2 1789 4929 7374
8810324116.227 9 4 3 4182 9468 8761
8810324116.227 9 4 4 38 325 1331
8810324116.227 9 4 5 3767 2437 6491
8810324116.227 9 4 6 7572 581 6799
8810324116.227 9 4 7 6001 5918 3951
8810324116.227 9 4 8 5653 8802 8438
8810324116.227 9 4 9 9009 716 9056
8810324116.227 9 5 0 2383 7228 98
8810324116.227 9 5 1 9884 3190 6401
8810324116.227 9 5 2 5399 5900 6771
8810324116.227 9 5 3 2405 5425 4975
8810324116.227 9 5 4 7591 4170 7945
8810324116.227 9 5 5 4319 9981 2825
8810324116.227 9 5 6 1790 8607 6952
8810324116.227 9 5 7 9372 5292 3083
8810324116.227 9 5 8 3931 1808 6631
8810324116.227 9 5 9 3762 8075 4749
8810324116.227 9 6 0 9539 6415 8546
8810324116.227 9 6 1 7624 6086 8578
8810324116.227 9 6 2 9772 8380 2112
8810324116.227 9 6 3 5141 723 9342
8810324116.227 9 6 4 4369 8235 3953
8810324116.227 9 6 5 5301 4639 8796
8810324116.227 9 6 6 6275 6982 8173
8810324116.227 9 6 7 813 9754 3222
8810324116.227 9 6 8 4430 5288 6526
8810324116.227 9 6 9 405 7404 5358
8810324116.227 9 7 0 7915 7558 7132
8810324116.227 9 7 1 5000 4910 3227
8810324116.227 9 7 2 5627 5328 4575
8810324116.227 9 7 3 1634 8550 9512
8810324116.227 9 7 4 6766 3174 2480
8810324116.227 9 7 5 4730 9333 6866
8810324116.227 9 7 6 1977 6843 4073
8810324116.227 9 7 7 6591 6635 2602
8810324116.227 9 7 8 5052 4622 1615
8810324116.227 9 7 9 3239 4173 7166
8810324116.227 9 8 0 7607 499 6704
8810324116.227 9 8 1 1928 8362 234
8810324116.227 9 8 2 7156 3932 5768
8810324116.227 9 8 3 300 5007 9861
8810324116.227 9 8 4 5741 6834 1133
8810324116.227 9 8 5 4630 6002 2128
8810324116.227 9 8 6 3788 1870 2656
8810324116.227 9 8 7 1123 9537 4124
8810324116.227 9 8 8 855 3362 9671
8810324116.227 9 8 9 2484 3460 7080
8810324116.227 9 9 0 3166 2758 174
8810324116.227 9 9 1 9286 5716 8279
8810324116.227 9 9 2 7205 8736 5154
8810324116.227 9 9 3 9795 3198 662
8810324116.227 9 9 4 6355 4510 5189
8810324116.227 9 9 5 2670 4075 2061
8810324116.227 9 9 6 1885 3687 5622
8810324116.227 9 9 7 937 308 4896
8810324116.227 9 9 8 3005 3123 1478
8810324116.227 9 9 9 4210 6981 4133
