1000
8810324116.227 0 0 0 1423 2979 1826
8810324116.227 0 0 1 9253 6666 1961
8810324116.227 0 0 2 8584 3182 1605
8810324116.227 0 0 3 5332 9818 1066
8810324116.227 0 0 4 7324 3077 5159
8810324116.227 0 0 5 6305 2480 5543
8810324116.227 0 0 6 5879 6250 3563
8810324116.227 0 0 7 5159 9769 2770
8810324116.227 0 0 8 7958 3694 3329
8810324116.227 0 0 9 420 9172 3174
8810324116.227 0 1 0 5694 1493 584
8810324116.227 0 1 1 3272 1919 5998
8810324116.227 0 1 2 8176 2895 5124
8810324116.227 0 1 3 2678 4929 3475
8810324116.227 0 1 4 6758 216 6776
8810324116.227 0 1 5 4503 6838 3980
8810324116.227 0 1 6 7204 8772 1261
8810324116.227 0 1 7 488 2406 2099
8810324116.227 0 1 8 4991 9776 3381
8810324116.227 0 1 9 3079 6550 6122
8810324116.227 0 2 0 2432 1392 6024
8810324116.227 0 2 1 7529 6924 4890
8810324116.227 0 2 2 3889 9963 4525
8810324116.227 0 2 3 3712 5822 4702
8810324116.227 0 2 4 1087 3176 4791
8810324116.227 0 2 5 7515 4677 7068
8810324116.227 0 2 6 9993 6527 8523
8810324116.227 0 2 7 4966 486 7244
8810324116.227 0 2 8 9500 8333 44
8810324116.227 0 2 9 2033 438 2704
8810324116.227 0 3 0 254 8114 9655
8810324116.227 0 3 1 8974 1310 1452
8810324116.227 0 3 2 3090 1586 208
8810324116.227 0 3 3 6261 4014 9376
8810324116.227 0 3 4 4959 82 5704
8810324116.227 0 3 5 1598 5790 5184
8810324116.227 0 3 6 1889 4848 8274
8810324116.227 0 3 7 4556 7612 7667
8810324116.227 0 3 8 4224 7206 6886
8810324116.227 0 3 9 7890 2409 3058
8810324116.227 0 4 0 1305 6955 6022
8810324116.227 0 4 1 9861 6023 4812
8810324116.227 0 4 2 8351 7190 8035
8810324116.227 0 4 3 9563 7384 9535
8810324116.227 0 4 4 3157 5233 3800
8810324116.227 0 4 5 4924 7872 9628
8810324116.227 0 4 6 4439 2939 7958
8810324116.227 0 4 7 8169 8986 792
8810324116.227 0 4 8 6905 7473 8651
8810324116.227 0 4 9 9636 9451 4352
8810324116.227 0 5 0 9905 2846 4681
8810324116.227 0 5 1 3437 5314 1841
8810324116.227 0 5 2 4042 5681 7573
8810324116.227 0 5 3 3358 732 3683
8810324116.227 0 5 4 7986 7662 5074
8810324116.227 0 5 5 2635 1543 7709
8810324116.227 0 5 6 4647 7371 5422
8810324116.227 0 5 7 7889 6709 454
8810324116.227 0 5 8 6396 2186 1602
8810324116.227 0 5 9 8239 4959 6206
8810324116.227 0 6 0 9863 8030 5610
8810324116.227 0 6 1 7276 3046 6961
8810324116.227 0 6 2 3646 1471 7937
8810324116.227 0 6 3 7367 8457 9661
8810324116.227 0 6 4 2885 5408 7357
8810324116.227 0 6 5 5719 6331 9017
8810324116.227 0 6 6 1053 6839 6319
8810324116.227 0 6 7 7486 1147 7591
8810324116.227 0 6 8 1916 9884 9558
8810324116.227 0 6 9 5220 8672 1651
8810324116.227 0 7 0 2082 6270 5530
8810324116.227 0 7 1 4721 6114 2512
8810324116.227 0 7 2 366 4826 8720
8810324116.227 0 7 3 4219 6785 4379
8810324116.227 0 7 4 9469 4435 2318
8810324116.227 0 7 5 3110 4277 4191
8810324116.227 0 7 6 6865 6163 160
8810324116.227 0 7 7 936 4695 8490
8810324116.227 0 7 8 8051 8063 7338
8810324116.227 0 7 9 637 6504 9699
8810324116.227 0 8 0 2827 918 438
8810324116.227 0 8 1 5944 1670 3290
8810324116.227 0 8 2 2643 6117 5455
8810324116.227 0 8 3 2081 4890 6469
8810324116.227 0 8 4 5682 5792 4422
8810324116.227 0 8 5 661 7017 6729
8810324116.227 0 8 6 580 5909 5528
8810324116.227 0 8 7 2368 1271 7177
8810324116.227 0 8 8 8216 8640 7439
8810324116.227 0 8 9 4430 8366 3698
8810324116.227 0 9 0 2611 7036 9109
8810324116.227 0 9 1 3713 1263 3666
8810324116.227 0 9 2 6569 3016 6656
8810324116.227 0 9 3 6437 4476 9738
8810324116.227 0 9 4 7433 5412 9598
8810324116.227 0 9 5 4220 7323 9244
8810324116.227 0 9 6 4751 4525 5003
8810324116.227 0 9 7 1288 5000 5955
8810324116.227 0 9 8 9496 3590 5581
8810324116.227 0 9 9 1390 3418 7710
8810324116.227 1 0 0 7374 8829 1610
8810324116.227 1 0 1 8944 2484 6740
8810324116.227 1 0 2 2542 8421 3163
8810324116.227 1 0 3 8821 5908 5272
8810324116.227 1 0 4 2961 6909 2240
8810324116.227 1 0 5 3051 1101 8312
8810324116.227 1 0 6 601 5763 930
8810324116.227 1 0 7 9354 2935 3424
8810324116.227 1 0 8 6295 66 6760
8810324116.227 1 0 9 5980 9121 2267
8810324116.227 1 1 0 4740 935 9789
8810324116.227 1 1 1 1320 3635 3561
8810324116.227 1 1 2 3121 8786 6070
8810324116.227 1 1 3 5659 5424 1633
8810324116.227 1 1 4 2813 2069 9297
8810324116.227 1 1 5 429 5906 8665
8810324116.227 1 1 6 9961 2500 6719
8810324116.227 1 1 7 1123 5458 8471
8810324116.227 1 1 8 1377 2633 994
8810324116.227 1 1 9 2767 7526 3973
8810324116.227 1 2 0 2517 4780 5366
8810324116.227 1 2 1 9810 1736 3502
8810324116.227 1 2 2 5101 1372 5049
8810324116.227 1 2 3 2903 4455 2370
8810324116.227 1 2 4 7843 3586 2573
8810324116.227 1 2 5 8456 1036 3243
8810324116.227 1 2 6 8616 4444 6492
8810324116.227 1 2 7 9955 8987 4001
8810324116.227 1 2 8 9695 868 4695
8810324116.227 1 2 9 5268 8291 1553
8810324116.227 1 3 0 1436 5252 1898
8810324116.227 1 3 1 6738 1723 7515
8810324116.227 1 3 2 8346 5112 5250
8810324116.227 1 3 3 1548 2556 760
8810324116.227 1 3 4 5283 654 528
8810324116.227 1 3 5 4651 5459 9078
8810324116.227 1 3 6 3019 8204 7760
8810324116.227 1 3 7 4513 9061 6368
8810324116.227 1 3 8 1594 9323 8088
8810324116.227 1 3 9 9857 7802 6593
8810324116.227 1 4 0 1844 9290 3362
8810324116.227 1 4 1 717 5650 8737
8810324116.227 1 4 2 882 8955 4579
8810324116.227 1 4 3 2187 5434 7047
8810324116.227 1 4 4 1943 9842 4679
8810324116.227 1 4 5 5474 5948 8301
8810324116.227 1 4 6 9828 3125 4013
8810324116.227 1 4 7 8560 7040 5970
8810324116.227 1 4 8 7213 5115 620
8810324116.227 1 4 9 481 7061 927
8810324116.227 1 5 0 3052 5246 2582
8810324116.227 1 5 1 6271 4635 5478
8810324116.227 1 5 2 764 868 7891
8810324116.227 1 5 3 8156 5820 4701
8810324116.227 1 5 4 6509 9967 645
8810324116.227 1 5 5 9639 9035 7045
8810324116.227 1 5 6 587 5681 1440
8810324116.227 1 5 7 2280 4908 7699
8810324116.227 1 5 8 6651 9940 9967
8810324116.227 1 5 9 3539 9415 9049
8810324116.227 1 6 0 1543 6267 2742
8810324116.227 1 6 1 6569 2392 1641
8810324116.227 1 6 2 5770 9841 2543
8810324116.227 1 6 3 2616 210 6512
8810324116.227 1 6 4 2972 9671 587
8810324116.227 1 6 5 2951 7144 1856
8810324116.227 1 6 6 1150 1176 9250
8810324116.227 1 6 7 9443 8082 2114
8810324116.227 1 6 8 3003 7954 128
8810324116.227 1 6 9 9839 6537 9636
8810324116.227 1 7 0 2626 8967 2297
8810324116.227 1 7 1 4459 865 316
8810324116.227 1 7 2 5830 7442 531
8810324116.227 1 7 3 1114 3519 4618
8810324116.227 1 7 4 4699 4824 4521
8810324116.227 1 7 5 8524 4191 5440
8810324116.227 1 7 6 239 9508 6905
8810324116.227 1 7 7 1473 2219 4895
8810324116.227 1 7 8 4157 3135 58
8810324116.227 1 7 9 9513 1463 4730
8810324116.227 1 8 0 5876 1110 1743
8810324116.227 1 8 1 2454 906 3368
8810324116.227 1 8 2 9457 7516 5638
8810324116.227 1 8 3 7446 7080 8306
8810324116.227 1 8 4 7599 9804 6336
8810324116.227 1 8 5 5471 1169 9098
8810324116.227 1 8 6 3608 9488 4865
8810324116.227 1 8 7 1228 6766 9474
8810324116.227 1 8 8 6658 8846 4853
8810324116.227 1 8 9 5059 7682 4845
8810324116.227 1 9 0 8248 6927 2459
8810324116.227 1 9 1 8781 4098 2033
8810324116.227 1 9 2 9299 9354 6550
8810324116.227 1 9 3 2028 6682 7423
8810324116.227 1 9 4 3200 2267 4150
8810324116.227 1 9 5 1320 1303 7836
8810324116.227 1 9 6 2758 562 8970
8810324116.227 1 9 7 3284 4833 8799
8810324116.227 1 9 8 7385 5347 9538
8810324116.227 1 9 9 5242 8523 9131
8810324116.227 2 0 0 9863 772 217
8810324116.227 2 0 1 4829 6902 9152
8810324116.227 2 0 2 646 6178 5371
8810324116.227 2 0 3 6773 3528 511
8810324116.227 2 0 4 8510 4888 8752
8810324116.227 2 0 5 7153 4605 4776
8810324116.227 2 0 6 4886 8621 6644
8810324116.227 2 0 7 4747 8147 5268
8810324116.227 2 0 8 4420 278 7411
8810324116.227 2 0 9 7559 2864 6731
8810324116.227 2 1 0 1826 4577 5256
8810324116.227 2 1 1 9430 9800 85
8810324116.227 2 1 2 7129 4637 2926
8810324116.227 2 1 3 8665 6159 9748
8810324116.227 2 1 4 6476 481 5427
8810324116.227 2 1 5 1836 541 8969
8810324116.227 2 1 6 1634 687 7774
8810324116.227 2 1 7 511 8362 5991
8810324116.227 2 1 8 4547 9830 5448
8810324116.227 2 1 9 6817 8377 6572
8810324116.227 2 2 0 5037 2348 7866
8810324116.227 2 2 1 5400 1132 7458
8810324116.227 2 2 2 4330 2398 9529
8810324116.227 2 2 3 6397 3547 9312
8810324116.227 2 2 4 5963 2669 5288
8810324116.227 2 2 5 6190 5482 3346
8810324116.227 2 2 6 305 9732 8469
8810324116.227 2 2 7 3272 8194 1530
8810324116.227 2 2 8 2813 9233 3681
8810324116.227 2 2 9 6181 612 4106
8810324116.227 2 3 0 2168 8600 7695
8810324116.227 2 3 1 9227 3208 8515
8810324116.227 2 3 2 8457 9434 3660
8810324116.227 2 3 3 8729 914 3908
8810324116.227 2 3 4 3666 5665 654
8810324116.227 2 3 5 7848 3216 4146
8810324116.227 2 3 6 1256 5471 5169
8810324116.227 2 3 7 4886 2985 8251
8810324116.227 2 3 8 5203 1697 7923
8810324116.227 2 3 9 3790 7835 8648
8810324116.227 2 4 0 634 9138 2629
8810324116.227 2 4 1 6987 5945 5508
8810324116.227 2 4 2 28 7014 5496
8810324116.227 2 4 3 2012 2348 7944
8810324116.227 2 4 4 4949 7973 477
8810324116.227 2 4 5 2612 7280 2334
8810324116.227 2 4 6 9076 7808 9690
8810324116.227 2 4 7 6722 126 6563
8810324116.227 2 4 8 6453 7693 4829
8810324116.227 2 4 9 394 6693 3715
8810324116.227 2 5 0 3347 8969 1898
8810324116.227 2 5 1 1731 7580 9699
8810324116.227 2 5 2 4950 7488 4457
8810324116.227 2 5 3 2823 1305 5000
8810324116.227 2 5 4 4109 2457 8152
8810324116.227 2 5 5 1389 951 1575
8810324116.227 2 5 6 2318 3125 7594
8810324116.227 2 5 7 1377 8980 558
8810324116.227 2 5 8 5734 694 9471
8810324116.227 2 5 9 7823 1115 1618
8810324116.227 2 6 0 6730 810 1899
8810324116.227 2 6 1 4094 6044 1019
8810324116.227 2 6 2 8063 2703 2601
8810324116.227 2 6 3 4447 8318 5105
8810324116.227 2 6 4 5335 8922 6891
8810324116.227 2 6 5 5187 2955 5079
8810324116.227 2 6 6 3296 1799 6251
8810324116.227 2 6 7 1846 3164 3842
8810324116.227 2 6 8 2104 8269 4844
8810324116.227 2 6 9 9120 4134 9327
8810324116.227 2 7 0 7667 5555 6844
8810324116.227 2 7 1 7071 7221 7074
8810324116.227 2 7 2 3317 5514 5498
8810324116.227 2 7 3 8777 8695 8194
8810324116.227 2 7 4 1330 3949 7029
8810324116.227 2 7 5 1760 7084 3552
8810324116.227 2 7 6 5053 4377 4516
8810324116.227 2 7 7 9880 8198 2390
8810324116.227 2 7 8 7844 7356 9487
8810324116.227 2 7 9 7358 1097 2935
8810324116.227 2 8 0 8564 5683 3638
8810324116.227 2 8 1 7087 7426 1318
8810324116.227 2 8 2 4983 7991 8682
8810324116.227 2 8 3 9209 2468 3395
8810324116.227 2 8 4 2085 3423 3789
8810324116.227 2 8 5 8516 8459 1107
8810324116.227 2 8 6 4381 4841 736
8810324116.227 2 8 7 3501 3048 4438
8810324116.227 2 8 8 9557 2487 5245
8810324116.227 2 8 9 8775 2502 4683
8810324116.227 2 9 0 7188 6341 547
8810324116.227 2 9 1 4353 1790 2482
8810324116.227 2 9 2 8855 7056 8469
8810324116.227 2 9 3 6368 1019 9660
8810324116.227 2 9 4 8938 3326 4366
8810324116.227 2 9 5 1612 3564 1473
8810324116.227 2 9 6 2972 4778 7189
8810324116.227 2 9 7 1757 4052 1453
8810324116.227 2 9 8 6741 1788 5670
8810324116.227 2 9 9 5909 3381 1511
8810324116.227 3 0 0 1013 9519 2044
8810324116.227 3 0 1 7395 7205 6215
8810324116.227 3 0 2 6582 286 818
8810324116.227 3 0 3 5309 2029 6662
8810324116.227 3 0 4 528 7037 6011
8810324116.227 3 0 5 5125 1362 9115
8810324116.227 3 0 6 6919 7067 9080
8810324116.227 3 0 7 6978 1391 8312
8810324116.227 3 0 8 738 7014 1004
8810324116.227 3 0 9 7926 9519 8530
8810324116.227 3 1 0 2711 1119 3945
8810324116.227 3 1 1 2955 2954 7883
8810324116.227 3 1 2 7781 6113 6764
8810324116.227 3 1 3 3807 1184 6131
8810324116.227 3 1 4 9803 4163 1562
8810324116.227 3 1 5 1540 2798 9241
8810324116.227 3 1 6 775 7683 8906
8810324116.227 3 1 7 814 9440 4635
8810324116.227 3 1 8 2477 6322 4756
8810324116.227 3 1 9 3093 3526 88
8810324116.227 3 2 0 9239 3620 2141
8810324116.227 3 2 1 4147 9809 836
8810324116.227 3 2 2 2618 3708 9918
8810324116.227 3 2 3 3393 45 4565
8810324116.227 3 2 4 4574 7370 809
8810324116.227 3 2 5 5371 1670 1629
8810324116.227 3 2 6 5398 7784 4236
8810324116.227 3 2 7 3334 9806 7308
8810324116.227 3 2 8 9060 2785 8382
8810324116.227 3 2 9 3076 4456 4916
8810324116.227 3 3 0 4333 5165 3300
8810324116.227 3 3 1 4105 5122 9299
8810324116.227 3 3 2 6498 5165 5697
8810324116.227 3 3 3 973 8822 8920
8810324116.227 3 3 4 3081 5027 9518
8810324116.227 3 3 5 1219 799 8469
8810324116.227 3 3 6 9727 9150 2291
8810324116.227 3 3 7 1579 9019 6054
8810324116.227 3 3 8 7233 6426 9042
8810324116.227 3 3 9 9260 7799 9160
8810324116.227 3 4 0 9169 5225 1970
8810324116.227 3 4 1 3463 6199 4583
8810324116.227 3 4 2 1615 637 4186
8810324116.227 3 4 3 4144 5069 524
8810324116.227 3 4 4 4345 933 158
8810324116.227 3 4 5 1575 1188 3783
8810324116.227 3 4 6 3004 774 728
8810324116.227 3 4 7 7378 6001 1386
8810324116.227 3 4 8 8352 1801 9505
8810324116.227 3 4 9 4032 1450 9665
8810324116.227 3 5 0 7630 7364 1853
8810324116.227 3 5 1 4598 4566 5223
8810324116.227 3 5 2 1407 4907 1734
8810324116.227 3 5 3 3851 6745 8323
8810324116.227 3 5 4 1985 4909 7061
8810324116.227 3 5 5 9177 5197 3830
8810324116.227 3 5 6 1932 300 709
8810324116.227 3 5 7 9505 9004 557
8810324116.227 3 5 8 3316 1469 376
8810324116.227 3 5 9 8963 8772 1579
8810324116.227 3 6 0 919 7137 9929
8810324116.227 3 6 1 3108 5172 4461
8810324116.227 3 6 2 2039 906 6534
8810324116.227 3 6 3 2119 6671 6780
8810324116.227 3 6 4 2540 6598 4001
8810324116.227 3 6 5 7830 6492 9268
8810324116.227 3 6 6 6769 2747 3642
8810324116.227 3 6 7 8174 8249 3167
8810324116.227 3 6 8 397 3339 7678
8810324116.227 3 6 9 8930 520 3936
8810324116.227 3 7 0 5351 603 9891
8810324116.227 3 7 1 6447 8712 6679
8810324116.227 3 7 2 2416 3071 405
8810324116.227 3 7 3 3720 2025 410
8810324116.227 3 7 4 9420 9297 3595
8810324116.227 3 7 5 6141 2139 7650
8810324116.227 3 7 6 6096 7263 6014
8810324116.227 3 7 7 1600 8416 2963
8810324116.227 3 7 8 6247 4450 824
8810324116.227 3 7 9 731 5842 5181
8810324116.227 3 8 0 4339 903 4920
8810324116.227 3 8 1 2415 7511 1601
8810324116.227 3 8 2 8933 2758 7010
8810324116.227 3 8 3 910 5166 2784
8810324116.227 3 8 4 4512 5569 8140
8810324116.227 3 8 5 5891 7954 5164
8810324116.227 3 8 6 6698 5854 4969
8810324116.227 3 8 7 8280 3802 4387
8810324116.227 3 8 8 633 5720 1169
8810324116.227 3 8 9 4735 3673 3908
8810324116.227 3 9 0 1824 8434 6496
8810324116.227 3 9 1 9983 8876 3746
8810324116.227 3 9 2 148 9386 428
8810324116.227 3 9 3 1174 5666 9369
8810324116.227 3 9 4 3719 6582 548
8810324116.227 3 9 5 1798 4940 1537
8810324116.227 3 9 6 77 5382 7489
8810324116.227 3 9 7 8498 4480 2052
8810324116.227 3 9 8 6729 2636 5806
8810324116.227 3 9 9 2178 3474 299
8810324116.227 4 0 0 811 9496 7225
8810324116.227 4 0 1 5145 7421 6965
8810324116.227 4 0 2 3095 5776 1026
8810324116.227 4 0 3 7047 4405 6981
8810324116.227 4 0 4 2955 7868 6318
8810324116.227 4 0 5 6697 9528 7375
8810324116.227 4 0 6 9153 5086 2205
8810324116.227 4 0 7 8321 6333 8566
8810324116.227 4 0 8 9992 4053 6865
8810324116.227 4 0 9 6127 4813 1561
8810324116.227 4 1 0 8952 129 727
8810324116.227 4 1 1 2218 2780 7174
8810324116.227 4 1 2 7283 4970 6738
8810324116.227 4 1 3 8459 2441 4566
8810324116.227 4 1 4 4537 2312 4104
8810324116.227 4 1 5 2008 2939 8294
8810324116.227 4 1 6 7331 7190 7109
8810324116.227 4 1 7 4048 8995 2314
8810324116.227 4 1 8 1735 1824 1188
8810324116.227 4 1 9 804 3176 7475
8810324116.227 4 2 0 8532 4658 3469
8810324116.227 4 2 1 503 484 1934
8810324116.227 4 2 2 1123 9518 338
8810324116.227 4 2 3 1567 8869 4744
8810324116.227 4 2 4 4742 576 464
8810324116.227 4 2 5 9824 735 217
8810324116.227 4 2 6 6926 1387 707
8810324116.227 4 2 7 8674 8080 1821
8810324116.227 4 2 8 4229 2044 3589
8810324116.227 4 2 9 5746 7560 3122
8810324116.227 4 3 0 668 9704 1565
8810324116.227 4 3 1 1455 814 5053
8810324116.227 4 3 2 7711 4805 4480
8810324116.227 4 3 3 5626 3523 5877
8810324116.227 4 3 4 7523 6138 7294
8810324116.227 4 3 5 4505 6808 1086
8810324116.227 4 3 6 9661 7844 3728
8810324116.227 4 3 7 7208 344 761
8810324116.227 4 3 8 3908 3520 3950
8810324116.227 4 3 9 3157 7571 8147
8810324116.227 4 4 0 797 1132 7974
8810324116.227 4 4 1 347 9847 767
8810324116.227 4 4 2 7503 7002 7905
8810324116.227 4 4 3 1322 1425 449
8810324116.227 4 4 4 1738 3836 6564
8810324116.227 4 4 5 3671 2527 3633
8810324116.227 4 4 6 3719 3718 6741
8810324116.227 4 4 7 2934 6185 3488
8810324116.227 4 4 8 6984 5140 9082
8810324116.227 4 4 9 7042 6156 9289
8810324116.227 4 5 0 580 8365 783
8810324116.227 4 5 1 4157 465 6110
8810324116.227 4 5 2 9643 9702 5321
8810324116.227 4 5 3 1654 5878 2781
8810324116.227 4 5 4 8045 5032 9544
8810324116.227 4 5 5 4571 5541 8350
8810324116.227 4 5 6 8560 5619 3543
8810324116.227 4 5 7 4278 4514 8264
8810324116.227 4 5 8 2144 126 9659
8810324116.227 4 5 9 7145 41 2471
8810324116.227 4 6 0 1654 1465 4073
8810324116.227 4 6 1 4547 4679 8450
8810324116.227 4 6 2 5719 2902 7260
8810324116.227 4 6 3 8907 6903 899
8810324116.227 4 6 4 7076 2568 3307
8810324116.227 4 6 5 2156 4201 9730
8810324116.227 4 6 6 2220 599 9693
8810324116.227 4 6 7 2268 4711 6870
8810324116.227 4 6 8 9302 1828 3879
8810324116.227 4 6 9 628 6871 4976
8810324116.227 4 7 0 9229 4868 5819
8810324116.227 4 7 1 9223 2774 1535
8810324116.227 4 7 2 641 6244 1316
8810324116.227 4 7 3 7183 4367 7272
8810324116.227 4 7 4 5054 3076 2873
8810324116.227 4 7 5 8364 6044 2313
8810324116.227 4 7 6 2721 3590 4096
8810324116.227 4 7 7 3503 1645 5901
8810324116.227 4 7 8 155 8183 8854
8810324116.227 4 7 9 4180 9581 7205
8810324116.227 4 8 0 2170 9681 1998
8810324116.227 4 8 1 5060 6709 9056
8810324116.227 4 8 2 6445 4311 3548
8810324116.227 4 8 3 608 9884 8615
8810324116.227 4 8 4 5051 2208 3128
8810324116.227 4 8 5 5201 7544 8603
8810324116.227 4 8 6 3517 8186 6816
8810324116.227 4 8 7 8608 8699 1158
8810324116.227 4 8 8 2574 6629 547
8810324116.227 4 8 9 7392 8800 1067
8810324116.227 4 9 0 2406 6430 4129
8810324116.227 4 9 1 4197 657 8197
8810324116.227 4 9 2 9180 2660 6365
8810324116.227 4 9 3 6942 3185 6316
8810324116.227 4 9 4 350 3075 6750
8810324116.227 4 9 5 3502 75 1900
8810324116.227 4 9 6 1553 6595 3510
8810324116.227 4 9 7 1610 4465 9981
8810324116.227 4 9 8 6119 2338 4007
8810324116.227 4 9 9 4096 2537 5277
8810324116.227 5 0 0 4383 4158 5757
8810324116.227 5 0 1 1789 15 4246
8810324116.227 5 0 2 3051 224 7188
8810324116.227 5 0 3 5876 568 9399
8810324116.227 5 0 4 5606 7983 8581
8810324116.227 5 0 5 4299 434 6088
8810324116.227 5 0 6 1595 9033 2049
8810324116.227 5 0 7 9629 8647 1751
8810324116.227 5 0 8 7624 2878 3161
8810324116.227 5 0 9 3046 971 5318
8810324116.227 5 1 0 3639 3102 5568
8810324116.227 5 1 1 7715 2977 189
8810324116.227 5 1 2 7268 6900 8727
8810324116.227 5 1 3 189 9812 6806
8810324116.227 5 1 4 4525 1056 4139
8810324116.227 5 1 5 9423 1891 4453
8810324116.227 5 1 6 5237 849 1700
8810324116.227 5 1 7 6259 7166 9299
8810324116.227 5 1 8 4015 8874 5309
8810324116.227 5 1 9 808 1104 4294
8810324116.227 5 2 0 692 5640 6597
8810324116.227 5 2 1 7709 600 2750
8810324116.227 5 2 2 3522 9559 1507
8810324116.227 5 2 3 9884 6333 9317
8810324116.227 5 2 4 3413 828 8292
8810324116.227 5 2 5 5395 1498 9412
8810324116.227 5 2 6 6402 3449 5688
8810324116.227 5 2 7 5281 3711 4872
8810324116.227 5 2 8 7929 8633 5397
8810324116.227 5 2 9 3184 3420 1892
8810324116.227 5 3 0 4000 3948 2620
8810324116.227 5 3 1 8854 3001 5275
8810324116.227 5 3 2 5631 5250 1117
8810324116.227 5 3 3 571 7008 9718
8810324116.227 5 3 4 2179 8683 987
8810324116.227 5 3 5 4928 3181 3264
8810324116.227 5 3 6 9355 6939 1210
8810324116.227 5 3 7 5952 2946 344
8810324116.227 5 3 8 5554 7499 1711
8810324116.227 5 3 9 5300 9353 9817
8810324116.227 5 4 0 5902 512 5806
8810324116.227 5 4 1 1150 1139 4926
8810324116.227 5 4 2 524 3683 3456
8810324116.227 5 4 3 1428 104 9222
8810324116.227 5 4 4 1872 8583 1453
8810324116.227 5 4 5 4349 3440 3187
8810324116.227 5 4 6 7876 5498 836
8810324116.227 5 4 7 3176 3204 78
8810324116.227 5 4 8 3051 5623 8998
8810324116.227 5 4 9 3219 1095 2464
8810324116.227 5 5 0 9746 9099 4253
8810324116.227 5 5 1 6046 1961 6217
8810324116.227 5 5 2 8 4720 3962
8810324116.227 5 5 3 9606 5390 6851
8810324116.227 5 5 4 8898 370 1035
8810324116.227 5 5 5 6354 639 3123
8810324116.227 5 5 6 5491 4583 8690
8810324116.227 5 5 7 8875 1366 5965
8810324116.227 5 5 8 1981 2180 3559
8810324116.227 5 5 9 1635 3280 8698
8810324116.227 5 6 0 1448 3384 5954
8810324116.227 5 6 1 1460 4847 4079
8810324116.227 5 6 2 1202 7582 7933
8810324116.227 5 6 3 2937 327 6654
8810324116.227 5 6 4 4038 9411 3489
8810324116.227 5 6 5 5103 3799 7928
8810324116.227 5 6 6 2253 424 6076
8810324116.227 5 6 7 778 6655 1275
8810324116.227 5 6 8 3824 3890 5847
8810324116.227 5 6 9 9216 4962 1235
8810324116.227 5 7 0 7871 331 3650
8810324116.227 5 7 1 3596 2248 2820
8810324116.227 5 7 2 7862 9127 7192
8810324116.227 5 7 3 503 2922 5465
8810324116.227 5 7 4 7343 9491 9730
8810324116.227 5 7 5 5835 4560 7356
8810324116.227 5 7 6 2378 8693 5704
8810324116.227 5 7 7 2996 6857 3922
8810324116.227 5 7 8 9475 5546 174
8810324116.227 5 7 9 7447 9483 4408
8810324116.227 5 8 0 8518 5349 5450
8810324116.227 5 8 1 5226 4449 1397
8810324116.227 5 8 2 5278 9218 9678
8810324116.227 5 8 3 100 99 3625
8810324116.227 5 8 4 7198 5982 4545
8810324116.227 5 8 5 4057 8680 7807
8810324116.227 5 8 6 852 2179 2483
8810324116.227 5 8 7 1784 9115 6897
8810324116.227 5 8 8 9614 419 6408
8810324116.227 5 8 9 9561 9758 329
8810324116.227 5 9 0 2131 7338 9609
8810324116.227 5 9 1 4196 839 6024
8810324116.227 5 9 2 1992 1160 3825
8810324116.227 5 9 3 7961 2409 2754
8810324116.227 5 9 4 1523 4819 674
8810324116.227 5 9 5 6141 2023 7561
8810324116.227 5 9 6 9490 4191 9579
8810324116.227 5 9 7 8644 8504 3135
8810324116.227 5 9 8 639 225 5072
8810324116.227 5 9 9 4214 9208 2004
8810324116.227 6 0 0 5561 8488 8784
8810324116.227 6 0 1 3080 492 8507
8810324116.227 6 0 2 228 6989 2577
8810324116.227 6 0 3 387 6679 6668
8810324116.227 6 0 4 6089 5564 8306
8810324116.227 6 0 5 801 5581 6835
8810324116.227 6 0 6 6501 2541 4472
8810324116.227 6 0 7 2772 9571 1438
8810324116.227 6 0 8 7094 1159 5734
8810324116.227 6 0 9 3306 5669 3494
8810324116.227 6 1 0 1348 6677 5370
8810324116.227 6 1 1 9159 8344 8169
8810324116.227 6 1 2 5609 2978 8927
8810324116.227 6 1 3 8594 525 4921
8810324116.227 6 1 4 869 6803 4764
8810324116.227 6 1 5 9549 955 2282
8810324116.227 6 1 6 4617 4522 6957
8810324116.227 6 1 7 6913 9439 1725
8810324116.227 6 1 8 8549 577 1593
8810324116.227 6 1 9 4334 9115 5046
8810324116.227 6 2 0 5304 7737 5402
8810324116.227 6 2 1 9542 1543 1178
8810324116.227 6 2 2 7794 4773 4136
8810324116.227 6 2 3 2807 9106 157
8810324116.227 6 2 4 1215 2607 3884
8810324116.227 6 2 5 3008 4694 4913
8810324116.227 6 2 6 8251 259 2529
8810324116.227 6 2 7 7293 8976 8027
8810324116.227 6 2 8 3179 9048 4737
8810324116.227 6 2 9 6402 6022 8504
8810324116.227 6 3 0 3553 4828 1672
8810324116.227 6 3 1 6155 3573 8910
8810324116.227 6 3 2 7633 5177 1431
8810324116.227 6 3 3 6544 1812 5184
8810324116.227 6 3 4 1899 1259 9188
8810324116.227 6 3 5 442 3390 6223
8810324116.227 6 3 6 8380 897 2028
8810324116.227 6 3 7 9457 8918 979
8810324116.227 6 3 8 4277 4003 1651
8810324116.227 6 3 9 4773 7441 6076
8810324116.227 6 4 0 83 5297 958
8810324116.227 6 4 1 1376 6484 5609
8810324116.227 6 4 2 3105 9808 9049
8810324116.227 6 4 3 4897 4752 9925
8810324116.227 6 4 4 5746 9276 3974
8810324116.227 6 4 5 831 7565 6488
8810324116.227 6 4 6 4263 5630 5331
8810324116.227 6 4 7 5850 9043 9433
8810324116.227 6 4 8 6755 6088 7960
8810324116.227 6 4 9 5866 4722 233
8810324116.227 6 5 0 2086 2947 9672
8810324116.227 6 5 1 3331 2416 5551
8810324116.227 6 5 2 7333 7471 9178
8810324116.227 6 5 3 3581 774 4410
8810324116.227 6 5 4 6628 9250 851
8810324116.227 6 5 5 6425 946 2722
8810324116.227 6 5 6 9575 7943 3551
8810324116.227 6 5 7 183 3293 3912
8810324116.227 6 5 8 4848 751 1292
8810324116.227 6 5 9 659 8783 9219
8810324116.227 6 6 0 9042 8152 7116
8810324116.227 6 6 1 2607 584 4962
8810324116.227 6 6 2 5450 8278 4213
8810324116.227 6 6 3 3061 5284 2826
8810324116.227 6 6 4 9549 5320 3967
8810324116.227 6 6 5 9877 7682 6354
8810324116.227 6 6 6 4726 4528 20
8810324116.227 6 6 7 1742 762 3889
8810324116.227 6 6 8 2258 4770 662
8810324116.227 6 6 9 1442 7169 5227
8810324116.227 6 7 0 5776 5348 8491
8810324116.227 6 7 1 1228 2974 7349
8810324116.227 6 7 2 9584 4201 7715
8810324116.227 6 7 3 1746 4146 869
8810324116.227 6 7 4 9054 7258 3933
8810324116.227 6 7 5 2215 6043 1257
8810324116.227 6 7 6 5827 6334 6852
8810324116.227 6 7 7 7511 5458 2032
8810324116.227 6 7 8 3008 502 2949
8810324116.227 6 7 9 8228 1525 2315
8810324116.227 6 8 0 9966 6724 7423
8810324116.227 6 8 1 7776 6089 985
8810324116.227 6 8 2 265 8926 838
8810324116.227 6 8 3 9079 4169 8884
8810324116.227 6 8 4 498 1776 7700
8810324116.227 6 8 5 4413 5047 6141
8810324116.227 6 8 6 7302 1785 6568
8810324116.227 6 8 7 3144 35 6091
8810324116.227 6 8 8 9083 7173 5239
8810324116.227 6 8 9 4743 4978 181
8810324116.227 6 9 0 9147 9689 4190
8810324116.227 6 9 1 5659 433 8501
8810324116.227 6 9 2 5212 4828 1755
8810324116.227 6 9 3 1467 3700 4342
8810324116.227 6 9 4 7609 6448 9606
8810324116.227 6 9 5 7990 4031 934
8810324116.227 6 9 6 5332 9709 4508
8810324116.227 6 9 7 7202 2134 6911
8810324116.227 6 9 8 2517 3660 6699
8810324116.227 6 9 9 4894 4818 2108
8810324116.227 7 0 0 5782 4766 2941
8810324116.227 7 0 1 6139 4059 7170
8810324116.227 7 0 2 908 833 9549
8810324116.227 7 0 3 5387 8155 9072
8810324116.227 7 0 4 4922 4794 5249
8810324116.227 7 0 5 6517 9275 9057
8810324116.227 7 0 6 9483 7876 1527
8810324116.227 7 0 7 8957 4429 6864
8810324116.227 7 0 8 7709 7571 5806
8810324116.227 7 0 9 6957 8194 5130
8810324116.227 7 1 0 9110 2572 9052
8810324116.227 7 1 1 1213 5932 7711
8810324116.227 7 1 2 5363 3252 6733
8810324116.227 7 1 3 447 9072 4192
8810324116.227 7 1 4 1400 5105 3060
8810324116.227 7 1 5 8854 275 9044
8810324116.227 7 1 6 3751 5878 7189
8810324116.227 7 1 7 6387 2970 5276
8810324116.227 7 1 8 815 7523 310
8810324116.227 7 1 9 1657 5190 9458
8810324116.227 7 2 0 3226 2086 8623
8810324116.227 7 2 1 6226 8491 7107
8810324116.227 7 2 2 515 4285 2068
8810324116.227 7 2 3 2102 221 6990
8810324116.227 7 2 4 3571 9620 8111
8810324116.227 7 2 5 6515 1944 7445
8810324116.227 7 2 6 9132 4174 5431
8810324116.227 7 2 7 7921 9954 7966
8810324116.227 7 2 8 9088 5825 9620
8810324116.227 7 2 9 2787 281 3607
8810324116.227 7 3 0 1132 4107 6202
8810324116.227 7 3 1 238 1354 1742
8810324116.227 7 3 2 5205 3804 3627
8810324116.227 7 3 3 4180 4451 6635
8810324116.227 7 3 4 8593 861 1140
8810324116.227 7 3 5 9703 7682 3578
8810324116.227 7 3 6 5173 9549 5436
8810324116.227 7 3 7 6995 7833 81
8810324116.227 7 3 8 1913 1367 7099
8810324116.227 7 3 9 8214 3400 1698
8810324116.227 7 4 0 9124 8046 5800
8810324116.227 7 4 1 9550 7725 7753
8810324116.227 7 4 2 1158 2053 4571
8810324116.227 7 4 3 1400 978 2242
8810324116.227 7 4 4 4491 9109 3928
8810324116.227 7 4 5 483 6961 4554
8810324116.227 7 4 6 5929 6253 1200
8810324116.227 7 4 7 2628 6948 8123
8810324116.227 7 4 8 9752 3468 1374
8810324116.227 7 4 9 593 701 3764
8810324116.227 7 5 0 6895 3632 2234
8810324116.227 7 5 1 8497 6117 2721
8810324116.227 7 5 2 9576 2862 8620
8810324116.227 7 5 3 6308 5707 7404
8810324116.227 7 5 4 3583 5981 3205
8810324116.227 7 5 5 2646 1805 8282
8810324116.227 7 5 6 2869 3841 4300
8810324116.227 7 5 7 1870 916 9892
8810324116.227 7 5 8 740 6733 5771
8810324116.227 7 5 9 8196 9229 8492
8810324116.227 7 6 0 5012 118 9795
8810324116.227 7 6 1 549 9484 7396
8810324116.227 7 6 2 4951 7394 335
8810324116.227 7 6 3 5925 8435 3007
8810324116.227 7 6 4 7971 8861 6980
8810324116.227 7 6 5 7011 6495 9048
8810324116.227 7 6 6 5887 6865 9376
8810324116.227 7 6 7 2395 577 8752
8810324116.227 7 6 8 4509 5519 7593
8810324116.227 7 6 9 3646 3192 9413
8810324116.227 7 7 0 1426 6351 3217
8810324116.227 7 7 1 500 9059 7332
8810324116.227 7 7 2 2122 8110 3634
8810324116.227 7 7 3 307 7291 6680
8810324116.227 7 7 4 5530 4564 3906
8810324116.227 7 7 5 9264 7830 3629
8810324116.227 7 7 6 9301 1528 4496
8810324116.227 7 7 7 1272 7170 8055
8810324116.227 7 7 8 9504 6506 5707
8810324116.227 7 7 9 1494 7549 333
8810324116.227 7 8 0 4991 210 6067
8810324116.227 7 8 1 9725 286 8450
8810324116.227 7 8 2 2197 112 644
8810324116.227 7 8 3 6503 5562 5819
8810324116.227 7 8 4 6925 5358 1733
8810324116.227 7 8 5 9277 4843 3249
8810324116.227 7 8 6 9797 6534 9468
8810324116.227 7 8 7 7031 5502 5216
8810324116.227 7 8 8 886 6134 7722
8810324116.227 7 8 9 5586 5754 2156
8810324116.227 7 9 0 6984 628 3274
8810324116.227 7 9 1 8705 4504 1209
8810324116.227 7 9 2 573 9432 3965
8810324116.227 7 9 3 1743 8839 2006
8810324116.227 7 9 4 7125 3064 6788
8810324116.227 7 9 5 9429 7146 6236
8810324116.227 7 9 6 5319 4461 6585
8810324116.227 7 9 7 2792 5804 992
8810324116.227 7 9 8 2640 8562 5303
8810324116.227 7 9 9 7681 7626 4402
8810324116.227 8 0 0 6542 2242 7459
8810324116.227 8 0 1 4210 1028 9278
8810324116.227 8 0 2 8984 6928 695
8810324116.227 8 0 3 916 4536 901
8810324116.227 8 0 4 2665 6748 1962
8810324116.227 8 0 5 9975 6062 1332
8810324116.227 8 0 6 8739 9935 317
8810324116.227 8 0 7 1466 4255 5294
8810324116.227 8 0 8 9242 1278 1236
8810324116.227 8 0 9 2144 2012 8728
8810324116.227 8 1 0 5869 2872 1314
8810324116.227 8 1 1 8528 3890 8195
8810324116.227 8 1 2 3955 572 1490
8810324116.227 8 1 3 1705 6918 1336
8810324116.227 8 1 4 8963 5989 6366
8810324116.227 8 1 5 8258 5910 9120
8810324116.227 8 1 6 3878 4176 6668
8810324116.227 8 1 7 7636 2302 6242
8810324116.227 8 1 8 2787 3628 1791
8810324116.227 8 1 9 5294 7529 5197
8810324116.227 8 2 0 7176 1702 9883
8810324116.227 8 2 1 6568 2415 7812
8810324116.227 8 2 2 2393 3139 2914
8810324116.227 8 2 3 6533 9247 6834
8810324116.227 8 2 4 97 5099 9368
8810324116.227 8 2 5 8052 4384 726
8810324116.227 8 2 6 2792 5758 4084
8810324116.227 8 2 7 742 2540 65
8810324116.227 8 2 8 7550 4335 6641
8810324116.227 8 2 9 2506 5050 5293
8810324116.227 8 3 0 9501 6601 288
8810324116.227 8 3 1 4142 7986 6131
8810324116.227 8 3 2 3031 1883 6690
8810324116.227 8 3 3 5348 8206 6760
8810324116.227 8 3 4 5553 8159 7333
8810324116.227 8 3 5 1356 1188 6159
8810324116.227 8 3 6 378 5424 7099
8810324116.227 8 3 7 5484 304 8004
8810324116.227 8 3 8 570 7775 9088
8810324116.227 8 3 9 9566 7140 354
8810324116.227 8 4 0 9853 7671 3526
8810324116.227 8 4 1 8967 4760 4665
8810324116.227 8 4 2 7723 5755 4550
8810324116.227 8 4 3 1090 5833 3974
8810324116.227 8 4 4 6861 2601 9542
8810324116.227 8 4 5 3636 3013 3546
8810324116.227 8 4 6 7010 8659 520
8810324116.227 8 4 7 6244 5680 5610
8810324116.227 8 4 8 5878 1139 9544
8810324116.227 8 4 9 5014 5521 1698
8810324116.227 8 5 0 1479 392 1205
8810324116.227 8 5 1 5828 8881 5057
8810324116.227 8 5 2 93 7539 220
8810324116.227 8 5 3 2508 8613 6098
8810324116.227 8 5 4 5377 8293 8636
8810324116.227 8 5 5 4301 7311 382
8810324116.227 8 5 6 1333 1934 6712
8810324116.227 8 5 7 2691 4380 4247
8810324116.227 8 5 8 350 7160 7835
8810324116.227 8 5 9 2174 3039 4210
8810324116.227 8 6 0 949 9684 9678
8810324116.227 8 6 1 6872 4408 7523
8810324116.227 8 6 2 2367 4757 6712
8810324116.227 8 6 3 7551 3532 8749
8810324116.227 8 6 4 1330 7281 7273
8810324116.227 8 6 5 4099 3521 76
8810324116.227 8 6 6 9896 5530 6329
8810324116.227 8 6 7 8986 5474 2635
8810324116.227 8 6 8 9810 1120 9824
8810324116.227 8 6 9 4182 1533 9362
8810324116.227 8 7 0 1247 8284 8621
8810324116.227 8 7 1 3580 8794 2993
8810324116.227 8 7 2 65 6145 623
8810324116.227 8 7 3 8450 8349 4883
8810324116.227 8 7 4 2317 9716 2097
8810324116.227 8 7 5 8657 9586 6161
8810324116.227 8 7 6 4268 4870 8836
8810324116.227 8 7 7 5464 8162 6072
8810324116.227 8 7 8 8042 8676 4231
8810324116.227 8 7 9 6558 8042 8918
8810324116.227 8 8 0 5212 8726 4286
8810324116.227 8 8 1 9937 8755 6176
8810324116.227 8 8 2 5006 891 6817
8810324116.227 8 8 3 2032 5485 3885
8810324116.227 8 8 4 6220 9083 9914
8810324116.227 8 8 5 8093 6060 7254
8810324116.227 8 8 6 5532 2284 2797
8810324116.227 8 8 7 2669 5442 5244
8810324116.227 8 8 8 2986 6096 5091
8810324116.227 8 8 9 4320 2972 479
8810324116.227 8 9 0 2773 2300 8298
8810324116.227 8 9 1 4820 1025 3205
8810324116.227 8 9 2 1560 2014 8561
8810324116.227 8 9 3 3741 9941 6796
8810324116.227 8 9 4 7105 4796 7863
8810324116.227 8 9 5 2215 8319 8612
8810324116.227 8 9 6 4191 9012 5150
8810324116.227 8 9 7 7701 4955 4151
8810324116.227 8 9 8 7290 327 5420
8810324116.227 8 9 9 2962 5208 6166
8810324116.227 9 0 0 247 6442 2763
8810324116.227 9 0 1 6858 5923 4517
8810324116.227 9 0 2 969 7106 9537
8810324116.227 9 0 3 1960 2306 3755
8810324116.227 9 0 4 7851 4599 8588
8810324116.227 9 0 5 517 1642 1952
8810324116.227 9 0 6 3136 1741 6264
8810324116.227 9 0 7 9160 102 5582
8810324116.227 9 0 8 6341 375 2187
8810324116.227 9 0 9 571 8765 2118
8810324116.227 9 1 0 3585 6220 5805
8810324116.227 9 1 1 7685 22 5491
8810324116.227 9 1 2 6932 2106 3451
8810324116.227 9 1 3 3626 802 2021
8810324116.227 9 1 4 4142 8070 7996
8810324116.227 9 1 5 2668 3304 7345
8810324116.227 9 1 6 4246 9544 7788
8810324116.227 9 1 7 4854 6521 5067
8810324116.227 9 1 8 1725 4732 1877
8810324116.227 9 1 9 9702 1711 3870
8810324116.227 9 2 0 1793 4955 8601
8810324116.227 9 2 1 7956 6650 8907
8810324116.227 9 2 2 8522 5895 4706
8810324116.227 9 2 3 3226 1066 9334
8810324116.227 9 2 4 187 9277 3247
8810324116.227 9 2 5 1312 1438 9012
8810324116.227 9 2 6 7511 1035 4483
8810324116.227 9 2 7 1688 2608 787
8810324116.227 9 2 8 5789 7604 6056
8810324116.227 9 2 9 5225 8611 2411
8810324116.227 9 3 0 6265 4578 6258
8810324116.227 9 3 1 7995 4819 3425
8810324116.227 9 3 2 9616 2792 5711
8810324116.227 9 3 3 4148 7232 2162
8810324116.227 9 3 4 8287 8394 9229
8810324116.227 9 3 5 5682 6268 2119
8810324116.227 9 3 6 4394 7788 5425
8810324116.227 9 3 7 1398 9333 331
8810324116.227 9 3 8 7939 2649 1072
8810324116.227 9 3 9 1536 4390 8373
8810324116.227 9 4 0 8524 5079 808
8810324116.227 9 4 1 3393 5716 5131
8810324116.227 9 4 2 4437 103 5475
8810324116.227 9 4 3 8019 8509 4751
8810324116.227 9 4 4 2496 5530 4420
8810324116.227 9 4 5 9161 9241 5476
8810324116.227 9 4 6 1404 4326 583
8810324116.227 9 4 7 4343 9268 4077
8810324116.227 9 4 8 271 4553 1881
8810324116.227 9 4 9 5940 9762 1165
8810324116.227 9 5 0 7376 2088 3626
8810324116.227 9 5 1 7075 8314 1067
8810324116.227 9 5 2 1594 5915 8649
8810324116.227 9 5 3 6668 1444 9560
8810324116.227 9 5 4 6951 1597 9658
8810324116.227 9 5 5 718 6269 9314
8810324116.227 9 5 6 7283 6479 2545
8810324116.227 9 5 7 7848 2610 622
8810324116.227 9 5 8 8952 7040 1603
8810324116.227 9 5 9 1492 8027 805
8810324116.227 9 6 0 8919 8506 6583
8810324116.227 9 6 1 2966 4510 5204
8810324116.227 9 6 2 5723 1612 1946
8810324116.227 9 6 3 5900 7420 8273
8810324116.227 9 6 4 2946 4188 7519
8810324116.227 9 6 5 1903 9742 579
8810324116.227 9 6 6 5986 6283 2256
8810324116.227 9 6 7 1095 7889 1311
8810324116.227 9 6 8 1088 9559 3184
8810324116.227 9 6 9 7691 3855 3557
8810324116.227 9 7 0 6129 3759 8075
8810324116.227 9 7 1 4043 5537 1659
8810324116.227 9 7 2 4110 9859 290
8810324116.227 9 7 3 298 4808 2898
8810324116.227 9 7 4 6465 5619 9280
8810324116.227 9 7 5 5431 5118 4895
8810324116.227 9 7 6 6097 1542 1521
8810324116.227 9 7 7 7426 7952 9577
8810324116.227 9 7 8 3673 940 3760
8810324116.227 9 7 9 7666 1488 2926
8810324116.227 9 8 0 441 9198 5083
8810324116.227 9 8 1 7410 1195 9822
8810324116.227 9 8 2 7420 4884 2927
8810324116.227 9 8 3 2143 5386 6213
8810324116.227 9 8 4 7471 4576 966
8810324116.227 9 8 5 6331 2491 1909
8810324116.227 9 8 6 7751 3231 1837
8810324116.227 9 8 7 6799 6050 6663
8810324116.227 9 8 8 3363 5509 3619
8810324116.227 9 8 9 6579 3296 9201
8810324116.227 9 9 0 1554 5216 9871
8810324116.227 9 9 1 755 7170 515
8810324116.227 9 9 2 3882 4629 3399
8810324116.227 9 9 3 8838 4653 7666
8810324116.227 9 9 4 871 4457 9577
8810324116.227 9 9 5 6324 7220 884
8810324116.227 9 9 6 3668 3524 3870
8810324116.227 9 9 7 6797 1210 1910
8810324116.227 9 9 8 4690 8806 8245
8810324116.227 9 9 9 728 4135 7970
